80
25
0	-16777216	-16777216
0	-16777216	-16777216
0	-16777216	-16777216
0	-16777216	-16777216
0	-16777216	-16777216
0	-16777216	-16777216
0	-16777216	-16777216
0	-16777216	-16777216
0	-16777216	-16777216
0	-16777216	-16777216
0	-16777216	-16777216
0	-16777216	-16777216
0	-16777216	-16777216
0	-16777216	-16777216
0	-16777216	-16777216
0	-16777216	-16777216
0	-16777216	-16777216
0	-16777216	-16777216
0	-16777216	-16777216
0	-16777216	-16777216
0	-16777216	-16777216
0	-16777216	-16777216
0	-16777216	-16777216
0	-16777216	-16777216
0	-16777216	-16777216
0	-16777216	-16777216
0	-16777216	-16777216
0	-16777216	-16777216
0	-16777216	-16777216
0	-16777216	-16777216
0	-16777216	-16777216
0	-16777216	-16777216
0	-16777216	-16777216
0	-16777216	-16777216
0	-16777216	-16777216
0	-16777216	-16777216
0	-16777216	-16777216
0	-16777216	-16777216
0	-16777216	-16777216
0	-16777216	-16777216
0	-16777216	-16777216
0	-16777216	-16777216
0	-16777216	-16777216
0	-16777216	-16777216
0	-16777216	-16777216
0	-16777216	-16777216
0	-16777216	-16777216
0	-16777216	-16777216
0	-16777216	-16777216
0	-16777216	-16777216
0	-16777216	-16777216
0	-16777216	-16777216
0	-16777216	-16777216
0	-16777216	-16777216
0	-16777216	-16777216
0	-16777216	-16777216
0	-16777216	-16777216
0	-16777216	-16777216
0	-16777216	-16777216
0	-16777216	-16777216
0	-16777216	-16777216
0	-16777216	-16777216
0	-16777216	-16777216
0	-16777216	-16777216
0	-16777216	-16777216
0	-16777216	-16777216
0	-16777216	-16777216
0	-16777216	-16777216
0	-16777216	-16777216
0	-16777216	-16777216
0	-16777216	-16777216
0	-16777216	-16777216
0	-16777216	-16777216
0	-16777216	-16777216
0	-16777216	-16777216
0	-16777216	-16777216
0	-16777216	-16777216
0	-16777216	-16777216
0	-16777216	-16777216
0	-16777216	-16777216
0	-16777216	-16777216
0	-16777216	-16777216
0	-16777216	-16777216
0	-16777216	-16777216
0	-16777216	-16777216
0	-16777216	-16777216
0	-16777216	-16777216
0	-16777216	-16777216
0	-16777216	-16777216
0	-16777216	-16777216
0	-16777216	-16777216
0	-16777216	-16777216
0	-16777216	-16777216
0	-16777216	-16777216
0	-16777216	-16777216
0	-16777216	-16777216
0	-16777216	-16777216
0	-16777216	-16777216
0	-16777216	-16777216
0	-16777216	-16777216
0	-16777216	-16777216
0	-16777216	-16777216
0	-16777216	-16777216
0	-16777216	-16777216
0	-16777216	-16777216
0	-16777216	-16777216
0	-16777216	-16777216
0	-16777216	-16777216
0	-16777216	-16777216
193	-12829636	-16777216
197	-13948117	-16777216
197	-15066598	-16777216
197	-15395563	-16777216
197	-15658735	-16777216
0	-16777216	-16777216
0	-16777216	-16777216
0	-16777216	-16777216
0	-16777216	-16777216
0	-16777216	-16777216
0	-16777216	-16777216
0	-16777216	-16777216
0	-16777216	-16777216
0	-16777216	-16777216
0	-16777216	-16777216
0	-16777216	-16777216
0	-16777216	-16777216
0	-16777216	-16777216
0	-16777216	-16777216
0	-16777216	-16777216
0	-16777216	-16777216
0	-16777216	-16777216
0	-16777216	-16777216
0	-16777216	-16777216
197	-13224394	-16777216
135	-10592674	-16777216
135	-10921639	-16777216
197	-13355980	-16777216
197	-14803426	-16777216
197	-14803426	-16777216
197	-15790321	-16777216
0	-16777216	-16777216
197	-15329770	-16777216
135	-11053225	-16777216
0	-16777216	-16777216
0	-16777216	-16777216
0	-16777216	-16777216
0	-16777216	-16777216
0	-16777216	-16777216
0	-16777216	-16777216
0	-16777216	-16777216
0	-16777216	-16777216
0	-16777216	-16777216
0	-16777216	-16777216
0	-16777216	-16777216
0	-16777216	-16777216
0	-16777216	-16777216
0	-16777216	-16777216
255	-16777216	-16777216
135	-12040120	-16777216
135	-9079435	-16777216
135	-10526881	-16777216
135	-12237499	-16777216
197	-13750738	-16777216
197	-13948117	-16777216
197	-16316665	-16777216
197	-15000805	-16777216
87	-5921371	-16777216
197	-13092808	-16777216
0	-16777216	-16777216
0	-16777216	-16777216
0	-16777216	-16777216
0	-16777216	-16777216
0	-16777216	-16777216
0	-16777216	-16777216
0	-16777216	-16777216
0	-16777216	-16777216
0	-16777216	-16777216
0	-16777216	-16777216
0	-16777216	-16777216
0	-16777216	-16777216
0	-16777216	-16777216
197	-15856114	-16777216
135	-12434878	-16777216
135	-10263709	-16777216
135	-11184811	-16777216
135	-10921639	-16777216
191	-12566464	-16777216
197	-13553359	-16777216
197	-14803426	-16777216
197	-15724528	-16777216
135	-10526881	-16777216
68	-4473925	-16777216
135	-11447983	-16777216
0	-16777216	-16777216
0	-16777216	-16777216
0	-16777216	-16777216
0	-16777216	-16777216
0	-16777216	-16777216
0	-16777216	-16777216
0	-16777216	-16777216
0	-16777216	-16777216
0	-16777216	-16777216
0	-16777216	-16777216
0	-16777216	-16777216
0	-16777216	-16777216
0	-16777216	-16777216
135	-10724260	-16777216
101	-6974059	-16777216
135	-10000537	-16777216
135	-10790053	-16777216
91	-5987164	-16777216
99	-6513508	-16777216
32	-2105377	-16777216
27	-1842205	-16777216
50	-3289651	-16777216
87	-5921371	-16777216
52	-3421237	-16777216
135	-11908534	-16777216
0	-16777216	-16777216
0	-16777216	-16777216
0	-16777216	-16777216
0	-16777216	-16777216
0	-16777216	-16777216
0	-16777216	-16777216
0	-16777216	-16777216
0	-16777216	-16777216
0	-16777216	-16777216
0	-16777216	-16777216
0	-16777216	-16777216
135	-9737365	-16777216
135	-11842741	-16777216
79	-5263441	-16777216
11	-592138	-16777216
68	-4473925	-16777216
11	-394759	-16777216
11	-986896	-16777216
32	-2105377	-16777216
33	-2236963	-16777216
23	-1710619	-16777216
18	-1381654	-16777216
42	-2763307	-16777216
101	-8289919	-16777216
197	-13553359	-16777216
0	-16777216	-16777216
0	-16777216	-16777216
0	-16777216	-16777216
0	-16777216	-16777216
0	-16777216	-16777216
0	-16777216	-16777216
0	-16777216	-16777216
0	-16777216	-16777216
0	-16777216	-16777216
0	-16777216	-16777216
0	-16777216	-16777216
101	-8224126	-16777216
11	-131587	-16777216
11	-1	-16777216
11	-263173	-16777216
11	-394759	-16777216
11	-1118482	-16777216
11	-592138	-16777216
40	-2631721	-16777216
57	-3750202	-16777216
75	-4934476	-16777216
43	-2829100	-16777216
62	-4079167	-16777216
99	-6579301	-16777216
135	-11053225	-16777216
135	-10132123	-16777216
197	-14342875	-16777216
197	-16250872	-16777216
0	-16777216	-16777216
0	-16777216	-16777216
0	-16777216	-16777216
0	-16777216	-16777216
0	-16777216	-16777216
0	-16777216	-16777216
0	-16777216	-16777216
75	-4934476	-16777216
51	-3355444	-16777216
11	-592138	-16777216
11	-197380	-16777216
11	-328966	-16777216
11	-263173	-16777216
11	-789517	-16777216
11	-921103	-16777216
46	-3026479	-16777216
81	-5329234	-16777216
87	-5921371	-16777216
85	-5658199	-16777216
39	-2565928	-16777216
35	-2302756	-16777216
84	-5526613	-16777216
101	-7368817	-16777216
135	-10066330	-16777216
197	-15856114	-16777216
0	-16777216	-16777216
0	-16777216	-16777216
0	-16777216	-16777216
0	-16777216	-16777216
0	-16777216	-16777216
0	-16777216	-16777216
0	-16777216	-16777216
197	-13158601	-16777216
75	-4934476	-16777216
73	-4802890	-16777216
11	-328966	-16777216
11	-460552	-16777216
11	-921103	-16777216
11	-921103	-16777216
18	-1315861	-16777216
51	-3355444	-16777216
59	-3881788	-16777216
58	-3815995	-16777216
101	-7303024	-16777216
65	-4276546	-16777216
31	-2039584	-16777216
96	-6316129	-16777216
101	-8158333	-16777216
101	-7434610	-16777216
197	-14606047	-16777216
0	-16777216	-16777216
0	-16777216	-16777216
0	-16777216	-16777216
0	-16777216	-16777216
0	-16777216	-16777216
0	-16777216	-16777216
0	-16777216	-16777216
135	-9342607	-16777216
33	-2236963	-16777216
42	-2763307	-16777216
33	-2171170	-16777216
11	-789517	-16777216
11	-394759	-16777216
18	-1315861	-16777216
23	-1644826	-16777216
37	-2500135	-16777216
56	-3684409	-16777216
64	-4210753	-16777216
101	-8224126	-16777216
197	-13750738	-16777216
197	-13224394	-16777216
79	-5197648	-16777216
79	-5197648	-16777216
87	-5855578	-16777216
197	-16119286	-16777216
0	-16777216	-16777216
0	-16777216	-16777216
0	-16777216	-16777216
0	-16777216	-16777216
0	-16777216	-16777216
0	-16777216	-16777216
0	-16777216	-16777216
197	-16185079	-16777216
72	-4737097	-16777216
11	-855310	-16777216
11	-65794	-16777216
11	-65794	-16777216
11	-328966	-16777216
23	-1579033	-16777216
67	-4408132	-16777216
57	-3750202	-16777216
60	-3947581	-16777216
49	-3223858	-16777216
135	-9079435	-16777216
197	-14540254	-16777216
11	-1052689	-16777216
11	-1118482	-16777216
51	-3355444	-16777216
96	-6316129	-16777216
135	-10000537	-16777216
0	-16777216	-16777216
0	-16777216	-16777216
0	-16777216	-16777216
0	-16777216	-16777216
0	-16777216	-16777216
0	-16777216	-16777216
0	-16777216	-16777216
0	-16777216	-16777216
135	-12040120	-16777216
56	-3684409	-16777216
11	-65794	-16777216
11	-65794	-16777216
11	-197380	-16777216
35	-2302756	-16777216
32	-2105377	-16777216
60	-3947581	-16777216
51	-3355444	-16777216
91	-6052957	-16777216
127	-8355712	-16777216
135	-9408400	-16777216
31	-2039584	-16777216
11	-723724	-16777216
43	-2829100	-16777216
96	-6447715	-16777216
135	-10987432	-16777216
0	-16777216	-16777216
0	-16777216	-16777216
0	-16777216	-16777216
0	-16777216	-16777216
0	-16777216	-16777216
0	-16777216	-16777216
0	-16777216	-16777216
0	-16777216	-16777216
197	-16645630	-16777216
76	-5000269	-16777216
11	-394759	-16777216
11	-263173	-16777216
11	-394759	-16777216
11	-394759	-16777216
23	-1710619	-16777216
70	-4605511	-16777216
101	-6645094	-16777216
135	-9539986	-16777216
48	-3158065	-16777216
54	-3552823	-16777216
18	-1250068	-16777216
11	-394759	-16777216
40	-2631721	-16777216
101	-6908266	-16777216
135	-11250604	-16777216
0	-16777216	-16777216
0	-16777216	-16777216
0	-16777216	-16777216
0	-16777216	-16777216
0	-16777216	-16777216
0	-16777216	-16777216
0	-16777216	-16777216
0	-16777216	-16777216
197	-16711423	-16777216
197	-16053493	-16777216
11	-131587	-16777216
11	-1	-16777216
11	-1	-16777216
11	-657931	-16777216
31	-2039584	-16777216
81	-5395027	-16777216
135	-9145228	-16777216
91	-6118750	-16777216
33	-2171170	-16777216
35	-2368549	-16777216
18	-1250068	-16777216
11	-460552	-16777216
50	-3289651	-16777216
101	-7500403	-16777216
197	-15856114	-16777216
0	-16777216	-16777216
0	-16777216	-16777216
0	-16777216	-16777216
0	-16777216	-16777216
0	-16777216	-16777216
0	-16777216	-16777216
0	-16777216	-16777216
135	-9803158	-16777216
91	-6052957	-16777216
79	-5197648	-16777216
11	-197380	-16777216
11	-65794	-16777216
11	-394759	-16777216
27	-1776412	-16777216
75	-4934476	-16777216
135	-9605779	-16777216
193	-12829636	-16777216
41	-2697514	-16777216
11	-131587	-16777216
11	-1118482	-16777216
45	-2960686	-16777216
45	-2960686	-16777216
87	-5789785	-16777216
135	-12171706	-16777216
0	-16777216	-16777216
0	-16777216	-16777216
0	-16777216	-16777216
0	-16777216	-16777216
0	-16777216	-16777216
0	-16777216	-16777216
0	-16777216	-16777216
0	-16777216	-16777216
32	-2105377	-16777216
11	-986896	-16777216
11	-592138	-16777216
11	-197380	-16777216
11	-394759	-16777216
11	-1118482	-16777216
53	-3487030	-16777216
127	-8421505	-16777216
135	-11513776	-16777216
197	-13027015	-16777216
11	-460552	-16777216
11	-65794	-16777216
11	-328966	-16777216
18	-1184275	-16777216
45	-2960686	-16777216
99	-6579301	-16777216
135	-11119018	-16777216
0	-16777216	-16777216
0	-16777216	-16777216
0	-16777216	-16777216
0	-16777216	-16777216
0	-16777216	-16777216
0	-16777216	-16777216
0	-16777216	-16777216
0	-16777216	-16777216
40	-2631721	-16777216
11	-855310	-16777216
11	-1052689	-16777216
23	-1513240	-16777216
11	-789517	-16777216
11	-1118482	-16777216
81	-5329234	-16777216
101	-6908266	-16777216
101	-7171438	-16777216
101	-6710887	-16777216
18	-1381654	-16777216
11	-1	-16777216
11	-197380	-16777216
11	-723724	-16777216
47	-3092272	-16777216
84	-5526613	-16777216
197	-13750738	-16777216
0	-16777216	-16777216
0	-16777216	-16777216
0	-16777216	-16777216
0	-16777216	-16777216
0	-16777216	-16777216
0	-16777216	-16777216
0	-16777216	-16777216
0	-16777216	-16777216
0	-16777216	-16777216
30	-1973791	-16777216
33	-2236963	-16777216
39	-2565928	-16777216
33	-2236963	-16777216
51	-3355444	-16777216
101	-7566196	-16777216
96	-6447715	-16777216
46	-3026479	-16777216
23	-1513240	-16777216
18	-1250068	-16777216
11	-460552	-16777216
11	-460552	-16777216
11	-657931	-16777216
33	-2171170	-16777216
64	-4210753	-16777216
135	-9342607	-16777216
197	-15527149	-16777216
0	-16777216	-16777216
0	-16777216	-16777216
0	-16777216	-16777216
0	-16777216	-16777216
0	-16777216	-16777216
0	-16777216	-16777216
0	-16777216	-16777216
135	-10855846	-16777216
31	-2039584	-16777216
52	-3421237	-16777216
76	-5000269	-16777216
54	-3552823	-16777216
37	-2434342	-16777216
11	-657931	-16777216
11	-263173	-16777216
11	-197380	-16777216
11	-131587	-16777216
11	-197380	-16777216
11	-131587	-16777216
11	-263173	-16777216
23	-1513240	-16777216
11	-1052689	-16777216
50	-3289651	-16777216
135	-10395295	-16777216
197	-15066598	-16777216
0	-16777216	-16777216
0	-16777216	-16777216
0	-16777216	-16777216
0	-16777216	-16777216
0	-16777216	-16777216
0	-16777216	-16777216
0	-16777216	-16777216
0	-16777216	-16777216
96	-6447715	-16777216
32	-2105377	-16777216
27	-1776412	-16777216
29	-1907998	-16777216
11	-657931	-16777216
11	-65794	-16777216
11	-197380	-16777216
11	-197380	-16777216
11	-921103	-16777216
18	-1250068	-16777216
11	-1118482	-16777216
11	-657931	-16777216
11	-1052689	-16777216
11	-855310	-16777216
45	-2960686	-16777216
101	-8092540	-16777216
197	-12961222	-16777216
0	-16777216	-16777216
0	-16777216	-16777216
0	-16777216	-16777216
0	-16777216	-16777216
0	-16777216	-16777216
0	-16777216	-16777216
0	-16777216	-16777216
0	-16777216	-16777216
0	-16777216	-16777216
135	-12105913	-16777216
29	-1907998	-16777216
18	-1184275	-16777216
11	-657931	-16777216
11	-526345	-16777216
11	-65794	-16777216
11	-394759	-16777216
23	-1644826	-16777216
46	-3026479	-16777216
18	-1381654	-16777216
11	-789517	-16777216
11	-789517	-16777216
18	-1315861	-16777216
41	-2697514	-16777216
101	-8092540	-16777216
197	-15592942	-16777216
0	-16777216	-16777216
0	-16777216	-16777216
0	-16777216	-16777216
0	-16777216	-16777216
0	-16777216	-16777216
0	-16777216	-16777216
0	-16777216	-16777216
0	-16777216	-16777216
0	-16777216	-16777216
0	-16777216	-16777216
197	-16250872	-16777216
135	-12105913	-16777216
11	-1052689	-16777216
11	-65794	-16777216
11	-1	-16777216
11	-394759	-16777216
23	-1644826	-16777216
33	-2236963	-16777216
18	-1250068	-16777216
18	-1381654	-16777216
11	-855310	-16777216
18	-1250068	-16777216
41	-2697514	-16777216
91	-6052957	-16777216
135	-11250604	-16777216
0	-16777216	-16777216
0	-16777216	-16777216
0	-16777216	-16777216
0	-16777216	-16777216
0	-16777216	-16777216
0	-16777216	-16777216
0	-16777216	-16777216
0	-16777216	-16777216
0	-16777216	-16777216
0	-16777216	-16777216
0	-16777216	-16777216
135	-10526881	-16777216
11	-921103	-16777216
11	-328966	-16777216
11	-197380	-16777216
11	-526345	-16777216
18	-1184275	-16777216
27	-1776412	-16777216
11	-1118482	-16777216
18	-1381654	-16777216
11	-855310	-16777216
11	-1052689	-16777216
23	-1710619	-16777216
101	-7039852	-16777216
127	-8355712	-16777216
0	-16777216	-16777216
0	-16777216	-16777216
0	-16777216	-16777216
0	-16777216	-16777216
0	-16777216	-16777216
0	-16777216	-16777216
0	-16777216	-16777216
0	-16777216	-16777216
0	-16777216	-16777216
0	-16777216	-16777216
0	-16777216	-16777216
191	-12566464	-16777216
31	-2039584	-16777216
11	-1118482	-16777216
11	-855310	-16777216
11	-460552	-16777216
23	-1579033	-16777216
27	-1842205	-16777216
11	-921103	-16777216
23	-1513240	-16777216
29	-1907998	-16777216
31	-2039584	-16777216
23	-1644826	-16777216
81	-5329234	-16777216
135	-9079435	-16777216
197	-14935012	-16777216
0	-16777216	-16777216
0	-16777216	-16777216
0	-16777216	-16777216
0	-16777216	-16777216
0	-16777216	-16777216
0	-16777216	-16777216
0	-16777216	-16777216
0	-16777216	-16777216
0	-16777216	-16777216
0	-16777216	-16777216
197	-15263977	-16777216
68	-4473925	-16777216
11	-263173	-16777216
11	-263173	-16777216
11	-131587	-16777216
11	-460552	-16777216
11	-789517	-16777216
23	-1644826	-16777216
73	-4868683	-16777216
78	-5131855	-16777216
77	-5066062	-16777216
60	-3947581	-16777216
96	-6447715	-16777216
135	-10000537	-16777216
197	-13487566	-16777216
0	-16777216	-16777216
0	-16777216	-16777216
0	-16777216	-16777216
0	-16777216	-16777216
0	-16777216	-16777216
0	-16777216	-16777216
0	-16777216	-16777216
0	-16777216	-16777216
0	-16777216	-16777216
0	-16777216	-16777216
135	-11908534	-16777216
41	-2697514	-16777216
11	-460552	-16777216
11	-263173	-16777216
11	-526345	-16777216
11	-986896	-16777216
18	-1184275	-16777216
32	-2105377	-16777216
46	-3026479	-16777216
46	-3026479	-16777216
53	-3487030	-16777216
87	-5723992	-16777216
101	-7631989	-16777216
135	-10000537	-16777216
197	-13158601	-16777216
0	-16777216	-16777216
0	-16777216	-16777216
0	-16777216	-16777216
0	-16777216	-16777216
0	-16777216	-16777216
0	-16777216	-16777216
0	-16777216	-16777216
0	-16777216	-16777216
0	-16777216	-16777216
135	-10855846	-16777216
48	-3158065	-16777216
18	-1381654	-16777216
11	-131587	-16777216
11	-263173	-16777216
11	-1052689	-16777216
18	-1381654	-16777216
43	-2829100	-16777216
83	-5460820	-16777216
101	-6645094	-16777216
45	-2960686	-16777216
41	-2697514	-16777216
63	-4144960	-16777216
101	-7566196	-16777216
135	-10724260	-16777216
193	-12829636	-16777216
0	-16777216	-16777216
0	-16777216	-16777216
0	-16777216	-16777216
0	-16777216	-16777216
0	-16777216	-16777216
0	-16777216	-16777216
0	-16777216	-16777216
0	-16777216	-16777216
0	-16777216	-16777216
50	-3289651	-16777216
18	-1184275	-16777216
18	-1315861	-16777216
11	-526345	-16777216
11	-526345	-16777216
39	-2565928	-16777216
55	-3618616	-16777216
73	-4802890	-16777216
76	-5000269	-16777216
101	-7631989	-16777216
62	-4079167	-16777216
40	-2631721	-16777216
70	-4605511	-16777216
101	-7434610	-16777216
135	-10658467	-16777216
197	-13816531	-16777216
0	-16777216	-16777216
0	-16777216	-16777216
0	-16777216	-16777216
0	-16777216	-16777216
0	-16777216	-16777216
0	-16777216	-16777216
0	-16777216	-16777216
0	-16777216	-16777216
197	-16316665	-16777216
11	-526345	-16777216
11	-65794	-16777216
11	-460552	-16777216
18	-1184275	-16777216
35	-2368549	-16777216
79	-5197648	-16777216
84	-5526613	-16777216
87	-5921371	-16777216
101	-7171438	-16777216
135	-11842741	-16777216
101	-7039852	-16777216
66	-4342339	-16777216
91	-6184543	-16777216
135	-8882056	-16777216
135	-11316397	-16777216
197	-14540254	-16777216
0	-16777216	-16777216
0	-16777216	-16777216
0	-16777216	-16777216
0	-16777216	-16777216
0	-16777216	-16777216
0	-16777216	-16777216
0	-16777216	-16777216
0	-16777216	-16777216
101	-7895161	-16777216
11	-394759	-16777216
11	-1	-16777216
11	-197380	-16777216
11	-460552	-16777216
27	-1842205	-16777216
27	-1776412	-16777216
56	-3684409	-16777216
101	-7829368	-16777216
101	-8224126	-16777216
91	-6250336	-16777216
135	-10197916	-16777216
75	-4934476	-16777216
127	-8684677	-16777216
135	-10790053	-16777216
135	-12500671	-16777216
0	-16777216	-16777216
0	-16777216	-16777216
0	-16777216	-16777216
0	-16777216	-16777216
0	-16777216	-16777216
0	-16777216	-16777216
0	-16777216	-16777216
135	-9737365	-16777216
101	-7434610	-16777216
101	-7566196	-16777216
23	-1513240	-16777216
11	-131587	-16777216
11	-460552	-16777216
23	-1513240	-16777216
68	-4473925	-16777216
33	-2171170	-16777216
46	-3026479	-16777216
68	-4473925	-16777216
127	-8355712	-16777216
64	-4210753	-16777216
55	-3618616	-16777216
87	-5789785	-16777216
135	-9474193	-16777216
135	-9342607	-16777216
135	-12105913	-16777216
0	-16777216	-16777216
0	-16777216	-16777216
0	-16777216	-16777216
0	-16777216	-16777216
0	-16777216	-16777216
0	-16777216	-16777216
0	-16777216	-16777216
45	-2960686	-16777216
11	-723724	-16777216
11	-328966	-16777216
23	-1579033	-16777216
11	-723724	-16777216
18	-1184275	-16777216
47	-3092272	-16777216
75	-4934476	-16777216
46	-3026479	-16777216
48	-3158065	-16777216
50	-3289651	-16777216
59	-3881788	-16777216
46	-3026479	-16777216
81	-5395027	-16777216
101	-7303024	-16777216
135	-10724260	-16777216
135	-10000537	-16777216
135	-10921639	-16777216
0	-16777216	-16777216
0	-16777216	-16777216
0	-16777216	-16777216
0	-16777216	-16777216
0	-16777216	-16777216
0	-16777216	-16777216
11	-592138	-16777216
11	-263173	-16777216
11	-197380	-16777216
11	-526345	-16777216
11	-921103	-16777216
11	-657931	-16777216
11	-921103	-16777216
31	-2039584	-16777216
101	-6908266	-16777216
101	-7303024	-16777216
68	-4473925	-16777216
43	-2829100	-16777216
49	-3223858	-16777216
78	-5131855	-16777216
99	-6513508	-16777216
135	-9145228	-16777216
135	-11579569	-16777216
135	-12369085	-16777216
135	-11776948	-16777216
0	-16777216	-16777216
0	-16777216	-16777216
0	-16777216	-16777216
0	-16777216	-16777216
0	-16777216	-16777216
127	-8553091	-16777216
11	-460552	-16777216
11	-263173	-16777216
11	-394759	-16777216
23	-1710619	-16777216
51	-3355444	-16777216
47	-3092272	-16777216
37	-2500135	-16777216
18	-1250068	-16777216
22	-1447447	-16777216
91	-6052957	-16777216
59	-3881788	-16777216
67	-4408132	-16777216
78	-5131855	-16777216
60	-3947581	-16777216
87	-5789785	-16777216
135	-10592674	-16777216
197	-13355980	-16777216
135	-12237499	-16777216
0	-16777216	-16777216
0	-16777216	-16777216
0	-16777216	-16777216
0	-16777216	-16777216
0	-16777216	-16777216
0	-16777216	-16777216
0	-16777216	-16777216
35	-2368549	-16777216
11	-65794	-16777216
11	-921103	-16777216
44	-2894893	-16777216
73	-4868683	-16777216
75	-4934476	-16777216
79	-5197648	-16777216
11	-328966	-16777216
11	-526345	-16777216
27	-1842205	-16777216
39	-2565928	-16777216
69	-4539718	-16777216
66	-4342339	-16777216
76	-5000269	-16777216
101	-6710887	-16777216
101	-7566196	-16777216
135	-12237499	-16777216
0	-16777216	-16777216
0	-16777216	-16777216
0	-16777216	-16777216
0	-16777216	-16777216
0	-16777216	-16777216
0	-16777216	-16777216
0	-16777216	-16777216
0	-16777216	-16777216
101	-6842473	-16777216
11	-328966	-16777216
40	-2631721	-16777216
81	-5395027	-16777216
101	-6645094	-16777216
101	-7368817	-16777216
11	-460552	-16777216
11	-65794	-16777216
11	-394759	-16777216
37	-2434342	-16777216
31	-2039584	-16777216
56	-3684409	-16777216
66	-4342339	-16777216
75	-4934476	-16777216
87	-5921371	-16777216
127	-8750470	-16777216
197	-13355980	-16777216
0	-16777216	-16777216
0	-16777216	-16777216
0	-16777216	-16777216
0	-16777216	-16777216
0	-16777216	-16777216
0	-16777216	-16777216
0	-16777216	-16777216
0	-16777216	-16777216
0	-16777216	-16777216
73	-4802890	-16777216
87	-5789785	-16777216
101	-7960954	-16777216
101	-7500403	-16777216
79	-5263441	-16777216
11	-65794	-16777216
11	-197380	-16777216
11	-526345	-16777216
35	-2302756	-16777216
79	-5197648	-16777216
32	-2105377	-16777216
46	-3026479	-16777216
72	-4737097	-16777216
101	-7237231	-16777216
135	-9671572	-16777216
197	-14342875	-16777216
0	-16777216	-16777216
0	-16777216	-16777216
0	-16777216	-16777216
0	-16777216	-16777216
0	-16777216	-16777216
0	-16777216	-16777216
0	-16777216	-16777216
0	-16777216	-16777216
0	-16777216	-16777216
197	-16316665	-16777216
33	-2171170	-16777216
101	-8026747	-16777216
84	-5526613	-16777216
11	-131587	-16777216
11	-394759	-16777216
11	-131587	-16777216
11	-65794	-16777216
27	-1842205	-16777216
99	-6513508	-16777216
61	-4013374	-16777216
127	-8487298	-16777216
79	-5197648	-16777216
135	-9013642	-16777216
135	-11053225	-16777216
197	-14408668	-16777216
0	-16777216	-16777216
0	-16777216	-16777216
0	-16777216	-16777216
0	-16777216	-16777216
0	-16777216	-16777216
0	-16777216	-16777216
0	-16777216	-16777216
0	-16777216	-16777216
0	-16777216	-16777216
0	-16777216	-16777216
27	-1842205	-16777216
60	-3947581	-16777216
101	-6842473	-16777216
11	-328966	-16777216
11	-526345	-16777216
11	-131587	-16777216
11	-65794	-16777216
23	-1579033	-16777216
91	-5987164	-16777216
197	-13290187	-16777216
127	-8421505	-16777216
69	-4539718	-16777216
96	-6381922	-16777216
135	-9145228	-16777216
135	-11645362	-16777216
197	-15461356	-16777216
0	-16777216	-16777216
0	-16777216	-16777216
0	-16777216	-16777216
0	-16777216	-16777216
0	-16777216	-16777216
0	-16777216	-16777216
0	-16777216	-16777216
0	-16777216	-16777216
0	-16777216	-16777216
135	-12369085	-16777216
127	-8750470	-16777216
135	-9605779	-16777216
49	-3223858	-16777216
11	-65794	-16777216
11	-131587	-16777216
11	-65794	-16777216
44	-2894893	-16777216
135	-10066330	-16777216
193	-12698050	-16777216
73	-4802890	-16777216
46	-3026479	-16777216
67	-4408132	-16777216
135	-9671572	-16777216
135	-11119018	-16777216
197	-14277082	-16777216
0	-16777216	-16777216
0	-16777216	-16777216
0	-16777216	-16777216
0	-16777216	-16777216
0	-16777216	-16777216
0	-16777216	-16777216
0	-16777216	-16777216
0	-16777216	-16777216
0	-16777216	-16777216
0	-16777216	-16777216
0	-16777216	-16777216
197	-16579837	-16777216
18	-1250068	-16777216
11	-986896	-16777216
11	-263173	-16777216
11	-592138	-16777216
68	-4473925	-16777216
135	-10000537	-16777216
197	-13421773	-16777216
48	-3158065	-16777216
52	-3421237	-16777216
76	-5000269	-16777216
101	-8289919	-16777216
135	-11316397	-16777216
197	-13355980	-16777216
0	-16777216	-16777216
0	-16777216	-16777216
0	-16777216	-16777216
0	-16777216	-16777216
0	-16777216	-16777216
0	-16777216	-16777216
0	-16777216	-16777216
0	-16777216	-16777216
0	-16777216	-16777216
0	-16777216	-16777216
0	-16777216	-16777216
0	-16777216	-16777216
11	-197380	-16777216
11	-197380	-16777216
11	-657931	-16777216
11	-986896	-16777216
63	-4144960	-16777216
59	-3881788	-16777216
87	-5855578	-16777216
76	-5000269	-16777216
61	-4013374	-16777216
75	-4934476	-16777216
101	-7500403	-16777216
135	-10329502	-16777216
197	-13948117	-16777216
0	-16777216	-16777216
0	-16777216	-16777216
0	-16777216	-16777216
0	-16777216	-16777216
0	-16777216	-16777216
0	-16777216	-16777216
0	-16777216	-16777216
0	-16777216	-16777216
0	-16777216	-16777216
0	-16777216	-16777216
0	-16777216	-16777216
91	-6118750	-16777216
11	-1	-16777216
11	-1	-16777216
11	-526345	-16777216
11	-723724	-16777216
11	-1118482	-16777216
11	-592138	-16777216
53	-3487030	-16777216
65	-4276546	-16777216
91	-6118750	-16777216
41	-2697514	-16777216
61	-4013374	-16777216
135	-9737365	-16777216
135	-9868951	-16777216
197	-13816531	-16777216
0	-16777216	-16777216
0	-16777216	-16777216
0	-16777216	-16777216
0	-16777216	-16777216
0	-16777216	-16777216
0	-16777216	-16777216
0	-16777216	-16777216
0	-16777216	-16777216
0	-16777216	-16777216
99	-6513508	-16777216
11	-657931	-16777216
11	-657931	-16777216
11	-1	-16777216
11	-789517	-16777216
23	-1710619	-16777216
11	-855310	-16777216
32	-2105377	-16777216
11	-921103	-16777216
23	-1644826	-16777216
18	-1250068	-16777216
11	-855310	-16777216
18	-1315861	-16777216
23	-1710619	-16777216
79	-5197648	-16777216
135	-9408400	-16777216
0	-16777216	-16777216
0	-16777216	-16777216
0	-16777216	-16777216
0	-16777216	-16777216
0	-16777216	-16777216
0	-16777216	-16777216
0	-16777216	-16777216
0	-16777216	-16777216
22	-1447447	-16777216
11	-65794	-16777216
11	-592138	-16777216
11	-592138	-16777216
11	-526345	-16777216
11	-526345	-16777216
11	-1	-16777216
11	-460552	-16777216
18	-1184275	-16777216
22	-1447447	-16777216
11	-657931	-16777216
11	-1052689	-16777216
23	-1513240	-16777216
11	-657931	-16777216
11	-460552	-16777216
91	-6250336	-16777216
101	-6710887	-16777216
0	-16777216	-16777216
0	-16777216	-16777216
0	-16777216	-16777216
0	-16777216	-16777216
0	-16777216	-16777216
0	-16777216	-16777216
0	-16777216	-16777216
0	-16777216	-16777216
11	-986896	-16777216
11	-65794	-16777216
18	-1381654	-16777216
27	-1776412	-16777216
11	-1118482	-16777216
11	-263173	-16777216
11	-1	-16777216
11	-263173	-16777216
18	-1184275	-16777216
18	-1184275	-16777216
11	-789517	-16777216
11	-394759	-16777216
11	-460552	-16777216
11	-460552	-16777216
18	-1250068	-16777216
52	-3421237	-16777216
87	-5855578	-16777216
0	-16777216	-16777216
0	-16777216	-16777216
0	-16777216	-16777216
0	-16777216	-16777216
0	-16777216	-16777216
0	-16777216	-16777216
0	-16777216	-16777216
0	-16777216	-16777216
101	-8289919	-16777216
11	-263173	-16777216
35	-2302756	-16777216
31	-2039584	-16777216
27	-1776412	-16777216
11	-263173	-16777216
11	-65794	-16777216
11	-65794	-16777216
11	-592138	-16777216
11	-789517	-16777216
11	-131587	-16777216
11	-263173	-16777216
11	-657931	-16777216
11	-526345	-16777216
11	-328966	-16777216
18	-1315861	-16777216
91	-5987164	-16777216
135	-10395295	-16777216
0	-16777216	-16777216
0	-16777216	-16777216
0	-16777216	-16777216
0	-16777216	-16777216
0	-16777216	-16777216
0	-16777216	-16777216
0	-16777216	-16777216
0	-16777216	-16777216
67	-4408132	-16777216
91	-6118750	-16777216
33	-2171170	-16777216
23	-1579033	-16777216
23	-1579033	-16777216
11	-328966	-16777216
11	-131587	-16777216
11	-131587	-16777216
11	-197380	-16777216
11	-65794	-16777216
11	-921103	-16777216
11	-394759	-16777216
11	-1052689	-16777216
11	-460552	-16777216
11	-921103	-16777216
87	-5723992	-16777216
135	-10592674	-16777216
0	-16777216	-16777216
0	-16777216	-16777216
0	-16777216	-16777216
0	-16777216	-16777216
0	-16777216	-16777216
0	-16777216	-16777216
0	-16777216	-16777216
0	-16777216	-16777216
0	-16777216	-16777216
11	-855310	-16777216
31	-2039584	-16777216
55	-3618616	-16777216
47	-3092272	-16777216
39	-2565928	-16777216
18	-1184275	-16777216
11	-723724	-16777216
11	-131587	-16777216
11	-460552	-16777216
11	-526345	-16777216
11	-131587	-16777216
18	-1315861	-16777216
11	-657931	-16777216
18	-1315861	-16777216
101	-6842473	-16777216
0	-16777216	-16777216
0	-16777216	-16777216
0	-16777216	-16777216
0	-16777216	-16777216
0	-16777216	-16777216
0	-16777216	-16777216
0	-16777216	-16777216
0	-16777216	-16777216
0	-16777216	-16777216
0	-16777216	-16777216
73	-4802890	-16777216
32	-2105377	-16777216
101	-6710887	-16777216
81	-5329234	-16777216
62	-4079167	-16777216
83	-5460820	-16777216
11	-526345	-16777216
11	-131587	-16777216
11	-657931	-16777216
11	-394759	-16777216
11	-1	-16777216
11	-986896	-16777216
46	-3026479	-16777216
67	-4408132	-16777216
135	-10461088	-16777216
0	-16777216	-16777216
0	-16777216	-16777216
0	-16777216	-16777216
0	-16777216	-16777216
0	-16777216	-16777216
0	-16777216	-16777216
0	-16777216	-16777216
0	-16777216	-16777216
0	-16777216	-16777216
0	-16777216	-16777216
135	-11579569	-16777216
135	-9671572	-16777216
197	-14408668	-16777216
39	-2565928	-16777216
67	-4408132	-16777216
101	-7105645	-16777216
23	-1579033	-16777216
11	-197380	-16777216
11	-526345	-16777216
11	-328966	-16777216
11	-1	-16777216
11	-328966	-16777216
37	-2434342	-16777216
81	-5329234	-16777216
135	-10592674	-16777216
0	-16777216	-16777216
0	-16777216	-16777216
0	-16777216	-16777216
0	-16777216	-16777216
0	-16777216	-16777216
0	-16777216	-16777216
0	-16777216	-16777216
0	-16777216	-16777216
0	-16777216	-16777216
0	-16777216	-16777216
0	-16777216	-16777216
135	-11974327	-16777216
135	-9671572	-16777216
64	-4210753	-16777216
49	-3223858	-16777216
99	-6513508	-16777216
18	-1381654	-16777216
11	-197380	-16777216
11	-197380	-16777216
11	-65794	-16777216
11	-65794	-16777216
11	-263173	-16777216
44	-2894893	-16777216
99	-6513508	-16777216
135	-11513776	-16777216
0	-16777216	-16777216
0	-16777216	-16777216
0	-16777216	-16777216
0	-16777216	-16777216
0	-16777216	-16777216
0	-16777216	-16777216
0	-16777216	-16777216
0	-16777216	-16777216
0	-16777216	-16777216
0	-16777216	-16777216
0	-16777216	-16777216
0	-16777216	-16777216
197	-15066598	-16777216
76	-5000269	-16777216
67	-4408132	-16777216
101	-6974059	-16777216
43	-2829100	-16777216
23	-1710619	-16777216
11	-65794	-16777216
11	-65794	-16777216
11	-394759	-16777216
11	-131587	-16777216
60	-3947581	-16777216
127	-8355712	-16777216
0	-16777216	-16777216
0	-16777216	-16777216
0	-16777216	-16777216
0	-16777216	-16777216
0	-16777216	-16777216
0	-16777216	-16777216
0	-16777216	-16777216
0	-16777216	-16777216
0	-16777216	-16777216
0	-16777216	-16777216
0	-16777216	-16777216
0	-16777216	-16777216
197	-13816531	-16777216
135	-10461088	-16777216
91	-6250336	-16777216
101	-7039852	-16777216
127	-8816263	-16777216
11	-1118482	-16777216
11	-65794	-16777216
11	-65794	-16777216
11	-65794	-16777216
11	-460552	-16777216
11	-657931	-16777216
58	-3815995	-16777216
101	-8158333	-16777216
0	-16777216	-16777216
0	-16777216	-16777216
0	-16777216	-16777216
0	-16777216	-16777216
0	-16777216	-16777216
0	-16777216	-16777216
0	-16777216	-16777216
0	-16777216	-16777216
0	-16777216	-16777216
0	-16777216	-16777216
0	-16777216	-16777216
0	-16777216	-16777216
197	-12961222	-16777216
57	-3750202	-16777216
73	-4802890	-16777216
127	-8421505	-16777216
135	-9539986	-16777216
11	-657931	-16777216
11	-131587	-16777216
11	-131587	-16777216
11	-789517	-16777216
22	-1447447	-16777216
58	-3815995	-16777216
79	-5263441	-16777216
101	-7697782	-16777216
135	-10855846	-16777216
0	-16777216	-16777216
0	-16777216	-16777216
0	-16777216	-16777216
0	-16777216	-16777216
0	-16777216	-16777216
0	-16777216	-16777216
0	-16777216	-16777216
0	-16777216	-16777216
0	-16777216	-16777216
0	-16777216	-16777216
135	-11908534	-16777216
85	-5658199	-16777216
87	-5723992	-16777216
96	-6316129	-16777216
135	-9013642	-16777216
135	-9342607	-16777216
73	-4802890	-16777216
11	-263173	-16777216
11	-328966	-16777216
11	-1118482	-16777216
50	-3289651	-16777216
96	-6316129	-16777216
101	-7303024	-16777216
127	-8750470	-16777216
135	-11447983	-16777216
197	-14342875	-16777216
0	-16777216	-16777216
0	-16777216	-16777216
0	-16777216	-16777216
0	-16777216	-16777216
0	-16777216	-16777216
0	-16777216	-16777216
0	-16777216	-16777216
0	-16777216	-16777216
0	-16777216	-16777216
135	-11184811	-16777216
101	-7829368	-16777216
101	-7895161	-16777216
135	-8882056	-16777216
135	-10658467	-16777216
135	-10263709	-16777216
101	-8026747	-16777216
11	-723724	-16777216
45	-2960686	-16777216
18	-1250068	-16777216
55	-3618616	-16777216
101	-7105645	-16777216
135	-8882056	-16777216
135	-10395295	-16777216
135	-10658467	-16777216
135	-11711155	-16777216
0	-16777216	-16777216
0	-16777216	-16777216
0	-16777216	-16777216
0	-16777216	-16777216
0	-16777216	-16777216
0	-16777216	-16777216
0	-16777216	-16777216
0	-16777216	-16777216
0	-16777216	-16777216
0	-16777216	-16777216
135	-11119018	-16777216
101	-7960954	-16777216
135	-11974327	-16777216
135	-9803158	-16777216
135	-9145228	-16777216
101	-7434610	-16777216
135	-9013642	-16777216
58	-3815995	-16777216
46	-3026479	-16777216
32	-2105377	-16777216
91	-5987164	-16777216
135	-9342607	-16777216
135	-10658467	-16777216
135	-11316397	-16777216
193	-12763843	-16777216
0	-16777216	-16777216
0	-16777216	-16777216
0	-16777216	-16777216
0	-16777216	-16777216
0	-16777216	-16777216
0	-16777216	-16777216
0	-16777216	-16777216
0	-16777216	-16777216
0	-16777216	-16777216
0	-16777216	-16777216
135	-11119018	-16777216
135	-9211021	-16777216
135	-11711155	-16777216
127	-8684677	-16777216
135	-9276814	-16777216
135	-9145228	-16777216
73	-4802890	-16777216
11	-394759	-16777216
11	-526345	-16777216
47	-3092272	-16777216
101	-7566196	-16777216
135	-10197916	-16777216
135	-11053225	-16777216
135	-11776948	-16777216
197	-14935012	-16777216
0	-16777216	-16777216
0	-16777216	-16777216
0	-16777216	-16777216
0	-16777216	-16777216
0	-16777216	-16777216
0	-16777216	-16777216
0	-16777216	-16777216
0	-16777216	-16777216
0	-16777216	-16777216
0	-16777216	-16777216
0	-16777216	-16777216
135	-11513776	-16777216
197	-14737633	-16777216
135	-11053225	-16777216
135	-11382190	-16777216
91	-6118750	-16777216
23	-1513240	-16777216
42	-2763307	-16777216
54	-3552823	-16777216
53	-3487030	-16777216
101	-6645094	-16777216
135	-12105913	-16777216
135	-12040120	-16777216
197	-13224394	-16777216
0	-16777216	-16777216
0	-16777216	-16777216
0	-16777216	-16777216
0	-16777216	-16777216
0	-16777216	-16777216
0	-16777216	-16777216
0	-16777216	-16777216
0	-16777216	-16777216
0	-16777216	-16777216
0	-16777216	-16777216
0	-16777216	-16777216
0	-16777216	-16777216
0	-16777216	-16777216
0	-16777216	-16777216
127	-8553091	-16777216
135	-10395295	-16777216
11	-723724	-16777216
18	-1315861	-16777216
68	-4473925	-16777216
77	-5066062	-16777216
91	-6052957	-16777216
135	-9934744	-16777216
197	-14803426	-16777216
197	-13092808	-16777216
0	-16777216	-16777216
0	-16777216	-16777216
0	-16777216	-16777216
0	-16777216	-16777216
0	-16777216	-16777216
0	-16777216	-16777216
0	-16777216	-16777216
0	-16777216	-16777216
0	-16777216	-16777216
0	-16777216	-16777216
0	-16777216	-16777216
0	-16777216	-16777216
0	-16777216	-16777216
0	-16777216	-16777216
0	-16777216	-16777216
79	-5197648	-16777216
11	-460552	-16777216
11	-526345	-16777216
11	-921103	-16777216
51	-3355444	-16777216
59	-3881788	-16777216
72	-4737097	-16777216
135	-10790053	-16777216
0	-16777216	-16777216
0	-16777216	-16777216
0	-16777216	-16777216
0	-16777216	-16777216
0	-16777216	-16777216
0	-16777216	-16777216
0	-16777216	-16777216
0	-16777216	-16777216
0	-16777216	-16777216
0	-16777216	-16777216
0	-16777216	-16777216
0	-16777216	-16777216
0	-16777216	-16777216
0	-16777216	-16777216
0	-16777216	-16777216
0	-16777216	-16777216
135	-12237499	-16777216
32	-2105377	-16777216
11	-197380	-16777216
11	-526345	-16777216
11	-855310	-16777216
23	-1513240	-16777216
56	-3684409	-16777216
68	-4473925	-16777216
101	-7960954	-16777216
0	-16777216	-16777216
0	-16777216	-16777216
0	-16777216	-16777216
0	-16777216	-16777216
0	-16777216	-16777216
0	-16777216	-16777216
0	-16777216	-16777216
0	-16777216	-16777216
0	-16777216	-16777216
0	-16777216	-16777216
0	-16777216	-16777216
0	-16777216	-16777216
0	-16777216	-16777216
0	-16777216	-16777216
0	-16777216	-16777216
0	-16777216	-16777216
135	-9013642	-16777216
11	-592138	-16777216
11	-1	-16777216
11	-394759	-16777216
11	-460552	-16777216
44	-2894893	-16777216
31	-2039584	-16777216
71	-4671304	-16777216
135	-11513776	-16777216
0	-16777216	-16777216
0	-16777216	-16777216
0	-16777216	-16777216
0	-16777216	-16777216
0	-16777216	-16777216
0	-16777216	-16777216
0	-16777216	-16777216
0	-16777216	-16777216
0	-16777216	-16777216
0	-16777216	-16777216
0	-16777216	-16777216
0	-16777216	-16777216
0	-16777216	-16777216
0	-16777216	-16777216
0	-16777216	-16777216
0	-16777216	-16777216
66	-4342339	-16777216
85	-5592406	-16777216
31	-2039584	-16777216
11	-789517	-16777216
11	-1	-16777216
32	-2105377	-16777216
23	-1513240	-16777216
67	-4408132	-16777216
135	-11119018	-16777216
0	-16777216	-16777216
0	-16777216	-16777216
0	-16777216	-16777216
0	-16777216	-16777216
0	-16777216	-16777216
0	-16777216	-16777216
0	-16777216	-16777216
0	-16777216	-16777216
0	-16777216	-16777216
0	-16777216	-16777216
0	-16777216	-16777216
0	-16777216	-16777216
0	-16777216	-16777216
0	-16777216	-16777216
0	-16777216	-16777216
0	-16777216	-16777216
197	-13355980	-16777216
30	-1973791	-16777216
22	-1447447	-16777216
11	-592138	-16777216
11	-197380	-16777216
11	-263173	-16777216
11	-1052689	-16777216
73	-4802890	-16777216
135	-11316397	-16777216
0	-16777216	-16777216
0	-16777216	-16777216
0	-16777216	-16777216
0	-16777216	-16777216
0	-16777216	-16777216
0	-16777216	-16777216
0	-16777216	-16777216
0	-16777216	-16777216
0	-16777216	-16777216
0	-16777216	-16777216
0	-16777216	-16777216
0	-16777216	-16777216
0	-16777216	-16777216
0	-16777216	-16777216
0	-16777216	-16777216
0	-16777216	-16777216
0	-16777216	-16777216
0	-16777216	-16777216
135	-12237499	-16777216
51	-3355444	-16777216
11	-263173	-16777216
11	-1	-16777216
11	-723724	-16777216
91	-6250336	-16777216
135	-11908534	-16777216
0	-16777216	-16777216
0	-16777216	-16777216
0	-16777216	-16777216
0	-16777216	-16777216
0	-16777216	-16777216
0	-16777216	-16777216
0	-16777216	-16777216
0	-16777216	-16777216
0	-16777216	-16777216
0	-16777216	-16777216
0	-16777216	-16777216
0	-16777216	-16777216
0	-16777216	-16777216
0	-16777216	-16777216
0	-16777216	-16777216
0	-16777216	-16777216
0	-16777216	-16777216
0	-16777216	-16777216
0	-16777216	-16777216
0	-16777216	-16777216
56	-3684409	-16777216
11	-131587	-16777216
11	-855310	-16777216
73	-4802890	-16777216
135	-10526881	-16777216
197	-13882324	-16777216
0	-16777216	-16777216
0	-16777216	-16777216
0	-16777216	-16777216
0	-16777216	-16777216
0	-16777216	-16777216
0	-16777216	-16777216
0	-16777216	-16777216
0	-16777216	-16777216
0	-16777216	-16777216
0	-16777216	-16777216
0	-16777216	-16777216
0	-16777216	-16777216
0	-16777216	-16777216
0	-16777216	-16777216
0	-16777216	-16777216
0	-16777216	-16777216
0	-16777216	-16777216
0	-16777216	-16777216
101	-7960954	-16777216
33	-2171170	-16777216
11	-1052689	-16777216
11	-986896	-16777216
62	-4079167	-16777216
66	-4342339	-16777216
127	-8618884	-16777216
0	-16777216	-16777216
0	-16777216	-16777216
0	-16777216	-16777216
0	-16777216	-16777216
0	-16777216	-16777216
0	-16777216	-16777216
0	-16777216	-16777216
0	-16777216	-16777216
0	-16777216	-16777216
0	-16777216	-16777216
0	-16777216	-16777216
0	-16777216	-16777216
0	-16777216	-16777216
0	-16777216	-16777216
0	-16777216	-16777216
0	-16777216	-16777216
0	-16777216	-16777216
0	-16777216	-16777216
37	-2500135	-16777216
11	-460552	-16777216
23	-1513240	-16777216
54	-3552823	-16777216
42	-2763307	-16777216
22	-1447447	-16777216
135	-8882056	-16777216
197	-13355980	-16777216
197	-14606047	-16777216
0	-16777216	-16777216
0	-16777216	-16777216
0	-16777216	-16777216
0	-16777216	-16777216
0	-16777216	-16777216
0	-16777216	-16777216
0	-16777216	-16777216
0	-16777216	-16777216
0	-16777216	-16777216
0	-16777216	-16777216
0	-16777216	-16777216
0	-16777216	-16777216
0	-16777216	-16777216
0	-16777216	-16777216
0	-16777216	-16777216
0	-16777216	-16777216
51	-3355444	-16777216
70	-4605511	-16777216
49	-3223858	-16777216
56	-3684409	-16777216
23	-1644826	-16777216
11	-526345	-16777216
62	-4079167	-16777216
127	-8487298	-16777216
191	-12566464	-16777216
0	-16777216	-16777216
0	-16777216	-16777216
0	-16777216	-16777216
0	-16777216	-16777216
0	-16777216	-16777216
0	-16777216	-16777216
0	-16777216	-16777216
0	-16777216	-16777216
0	-16777216	-16777216
0	-16777216	-16777216
0	-16777216	-16777216
0	-16777216	-16777216
0	-16777216	-16777216
0	-16777216	-16777216
0	-16777216	-16777216
0	-16777216	-16777216
0	-16777216	-16777216
0	-16777216	-16777216
51	-3355444	-16777216
65	-4276546	-16777216
37	-2500135	-16777216
193	-12895429	-16777216
46	-3026479	-16777216
101	-6908266	-16777216
197	-13158601	-16777216
0	-16777216	-16777216
0	-16777216	-16777216
0	-16777216	-16777216
0	-16777216	-16777216
0	-16777216	-16777216
0	-16777216	-16777216
0	-16777216	-16777216
0	-16777216	-16777216
0	-16777216	-16777216
0	-16777216	-16777216
0	-16777216	-16777216
0	-16777216	-16777216
0	-16777216	-16777216
0	-16777216	-16777216
0	-16777216	-16777216
0	-16777216	-16777216
0	-16777216	-16777216
0	-16777216	-16777216
0	-16777216	-16777216
0	-16777216	-16777216
0	-16777216	-16777216
0	-16777216	-16777216
101	-7697782	-16777216
99	-6579301	-16777216
0	-16777216	-16777216
0	-16777216	-16777216
0	-16777216	-16777216
0	-16777216	-16777216
0	-16777216	-16777216
0	-16777216	-16777216
0	-16777216	-16777216
0	-16777216	-16777216
0	-16777216	-16777216
0	-16777216	-16777216
0	-16777216	-16777216
0	-16777216	-16777216
0	-16777216	-16777216
0	-16777216	-16777216
0	-16777216	-16777216
0	-16777216	-16777216
0	-16777216	-16777216
0	-16777216	-16777216
0	-16777216	-16777216
0	-16777216	-16777216
0	-16777216	-16777216
0	-16777216	-16777216
0	-16777216	-16777216
0	-16777216	-16777216
0	-16777216	-16777216
0	-16777216	-16777216
0	-16777216	-16777216
0	-16777216	-16777216
0	-16777216	-16777216
0	-16777216	-16777216
0	-16777216	-16777216
0	-16777216	-16777216
0	-16777216	-16777216
0	-16777216	-16777216
0	-16777216	-16777216
0	-16777216	-16777216
0	-16777216	-16777216
0	-16777216	-16777216
0	-16777216	-16777216
0	-16777216	-16777216
0	-16777216	-16777216
0	-16777216	-16777216
0	-16777216	-16777216
0	-16777216	-16777216
0	-16777216	-16777216
0	-16777216	-16777216
0	-16777216	-16777216
0	-16777216	-16777216
0	-16777216	-16777216
0	-16777216	-16777216
0	-16777216	-16777216
0	-16777216	-16777216
0	-16777216	-16777216
0	-16777216	-16777216
0	-16777216	-16777216
0	-16777216	-16777216
0	-16777216	-16777216
0	-16777216	-16777216
0	-16777216	-16777216
0	-16777216	-16777216
0	-16777216	-16777216
0	-16777216	-16777216
0	-16777216	-16777216
0	-16777216	-16777216
0	-16777216	-16777216
0	-16777216	-16777216
0	-16777216	-16777216
0	-16777216	-16777216
0	-16777216	-16777216
0	-16777216	-16777216
0	-16777216	-16777216
0	-16777216	-16777216
0	-16777216	-16777216
0	-16777216	-16777216
0	-16777216	-16777216
0	-16777216	-16777216
0	-16777216	-16777216
0	-16777216	-16777216
0	-16777216	-16777216
0	-16777216	-16777216
