30
30
0	-16777216	-16777216
0	-16777216	-16777216
0	-16777216	-16777216
0	-16777216	-16777216
0	-16777216	-16777216
0	-16777216	-16777216
0	-16777216	-16777216
0	-16777216	-16777216
0	-16777216	-16777216
0	-16777216	-16777216
0	-16777216	-16777216
0	-16777216	-16777216
0	-16777216	-16777216
0	-16777216	-16777216
0	-16777216	-16777216
0	-16777216	-16777216
0	-16777216	-16777216
0	-16777216	-16777216
0	-16777216	-16777216
0	-4144960	-16777216
0	-16777216	-16777216
0	-16777216	-16777216
0	-16777216	-16777216
0	-4144960	-16777216
0	-16777216	-16777216
0	-16777216	-16777216
0	-16777216	-16777216
0	-4144960	-16777216
0	-16777216	-16777216
0	-16777216	-16777216
0	-16777216	-16777216
0	-16777216	-16777216
0	-16777216	-16777216
0	-16777216	-16777216
0	-16777216	-16777216
0	-16777216	-16777216
0	-16777216	-16777216
0	-16777216	-16777216
0	-16777216	-16777216
0	-16777216	-16777216
0	-16777216	-16777216
0	-16777216	-16777216
0	-16777216	-16777216
0	-16777216	-16777216
0	-16777216	-16777216
0	-16777216	-16777216
0	-16777216	-16777216
0	-16777216	-16777216
0	-16777216	-16777216
0	-16777216	-16777216
0	-16777216	-16777216
0	-16777216	-16777216
0	-16777216	-16777216
0	-16777216	-16777216
0	-16777216	-16777216
0	-16777216	-16777216
0	-16777216	-16777216
0	-4144960	-16777216
0	-16777216	-16777216
0	-16777216	-16777216
0	-16777216	-16777216
0	-16777216	-16777216
0	-16777216	-16777216
0	-16777216	-16777216
0	-16777216	-16777216
0	-16777216	-16777216
0	-16777216	-16777216
0	-16777216	-16777216
0	-16777216	-16777216
0	-16777216	-16777216
0	-16777216	-16777216
0	-16777216	-16777216
0	-16777216	-16777216
0	-16777216	-16777216
0	-16777216	-16777216
0	-16777216	-16777216
0	-16777216	-16777216
0	-16777216	-16777216
0	-16777216	-16777216
0	-16777216	-16777216
0	-16777216	-16777216
0	-16777216	-16777216
0	-16777216	-16777216
0	-16777216	-16777216
0	-16777216	-16777216
0	-16777216	-16777216
0	-16777216	-16777216
0	-4144960	-16777216
0	-16777216	-16777216
0	-16777216	-16777216
0	-16777216	-16777216
0	-16777216	-16777216
0	-16777216	-16777216
0	-16777216	-16777216
0	-16777216	-16777216
0	-16777216	-16777216
0	-16777216	-16777216
0	-16777216	-16777216
0	-16777216	-16777216
0	-16777216	-16777216
0	-16777216	-16777216
0	-16777216	-16777216
0	-16777216	-16777216
0	-16777216	-16777216
0	-16777216	-16777216
0	-16777216	-16777216
0	-16777216	-16777216
0	-16777216	-16777216
0	-16777216	-16777216
0	-16777216	-16777216
0	-16777216	-16777216
0	-16777216	-16777216
0	-16777216	-16777216
0	-16777216	-16777216
0	-16777216	-16777216
0	-16777216	-16777216
0	-16777216	-16777216
0	-16777216	-16777216
0	-16777216	-16777216
0	-16777216	-16777216
0	-16777216	-16777216
0	-16777216	-16777216
0	-16777216	-16777216
0	-16777216	-16777216
0	-16777216	-16777216
0	-16777216	-16777216
0	-16777216	-16777216
0	-16777216	-16777216
0	-16777216	-16777216
0	-16777216	-16777216
0	-16777216	-16777216
0	-16777216	-16777216
0	-16777216	-16777216
0	-16777216	-16777216
0	-16777216	-16777216
0	-16777216	-16777216
0	-16777216	-16777216
0	-16777216	-16777216
0	-16777216	-16777216
0	-16777216	-16777216
0	-16777216	-16777216
0	-16777216	-16777216
0	-16777216	-16777216
0	-16777216	-16777216
0	-16777216	-16777216
0	-16777216	-16777216
0	-16777216	-16777216
0	-4144960	-16777216
0	-4144960	-16777216
0	-16777216	-16777216
0	-16777216	-16777216
0	-16777216	-16777216
0	-16777216	-16777216
0	-16777216	-16777216
0	-16777216	-16777216
0	-16777216	-16777216
0	-16777216	-16777216
0	-16777216	-16777216
0	-16777216	-16777216
0	-16777216	-16777216
0	-16777216	-16777216
0	-16777216	-16777216
0	-16777216	-16777216
0	-16777216	-16777216
0	-16777216	-16777216
0	-16777216	-16777216
0	-16777216	-16777216
0	-16777216	-16777216
0	-16777216	-16777216
0	-16777216	-16777216
0	-16777216	-16777216
0	-16777216	-16777216
0	-16777216	-16777216
0	-16777216	-16777216
0	-16777216	-16777216
0	-16777216	-16777216
0	-16777216	-16777216
0	-4144960	-16777216
0	-4144960	-16777216
0	-4144960	-16777216
0	-16777216	-16777216
0	-16777216	-16777216
0	-16777216	-16777216
0	-16777216	-16777216
0	-16777216	-16777216
0	-16777216	-16777216
0	-16777216	-16777216
127	-8498342	-16777216
0	-16777216	-16777216
0	-16777216	-16777216
0	-16777216	-16777216
0	-16777216	-16777216
0	-16777216	-16777216
0	-16777216	-16777216
0	-16777216	-16777216
0	-16777216	-16777216
0	-16777216	-16777216
0	-16777216	-16777216
101	-7041460	-16777216
31	-2040223	-16777216
11	-789906	-16777216
18	-1447060	-16777216
0	-16777216	-16777216
0	-16777216	-16777216
0	-16777216	-16777216
0	-16777216	-16777216
0	-16777216	-16777216
0	-16777216	-16777216
0	-16777216	-16777216
0	-4144960	-16777216
0	-16777216	-16777216
0	-16777216	-16777216
0	-16777216	-16777216
0	-16777216	-16777216
0	-16777216	-16777216
0	-16777216	-16777216
11	-423518	-16777216
11	-24648	-16777216
11	-24649	-16777216
29	-1932137	-16777216
127	-8430500	-16777216
91	-5991589	-16777216
70	-4607904	-16777216
87	-5858473	-16777216
101	-8030900	-16777216
91	-6270399	-16777216
99	-6589881	-16777216
32	-2107554	-16777216
18	-1251998	-16777216
11	-1054364	-16777216
11	-659086	-16777216
11	-328543	-16777216
0	-4144960	-16777216
0	-4144960	-16777216
0	-16777216	-16777216
0	-16777216	-16777216
0	-16777216	-16777216
0	-16777216	-16777216
0	-16777216	-16777216
0	-16777216	-16777216
0	-16777216	-16777216
0	-16777216	-16777216
0	-16777216	-16777216
0	-16777216	-16777216
0	-16777216	-16777216
0	-16777216	-16777216
11	-294759	-16777216
11	-26962	-16777216
11	-21050	-16777216
11	-24649	-16777216
11	-92761	-16777216
23	-1516183	-16777216
11	-922260	-16777216
11	-658833	-16777216
11	-727958	-16777216
11	-508875	-16777216
11	-112835	-16777216
18	-1190308	-16777216
18	-1187745	-16777216
11	-1055646	-16777216
11	-791182	-16777216
11	-855173	-16777216
54	-4666979	-16777216
0	-16777216	-16777216
0	-4144960	-16777216
0	-16777216	-16777216
0	-16777216	-16777216
0	-16777216	-16777216
0	-16777216	-16777216
0	-16777216	-16777216
0	-16777216	-16777216
0	-16777216	-16777216
0	-16777216	-16777216
0	-16777216	-16777216
0	-16777216	-16777216
0	-16777216	-16777216
23	-1543544	-16777216
11	-31845	-16777216
11	-28247	-16777216
11	-24649	-16777216
11	-26446	-16777216
11	-27219	-16777216
11	-26713	-16777216
11	-214897	-16777216
18	-1337501	-16777216
27	-1819593	-16777216
11	-375745	-16777216
11	-501188	-16777216
11	-1058210	-16777216
11	-1122207	-16777216
11	-1054870	-16777216
18	-1315991	-16777216
45	-3091856	-16777216
0	-16777216	-16777216
0	-16777216	-16777216
0	-16777216	-16777216
0	-16777216	-16777216
0	-16777216	-16777216
0	-16777216	-16777216
0	-16777216	-16777216
0	-16777216	-16777216
0	-16777216	-16777216
0	-16777216	-16777216
0	-16777216	-16777216
0	-16777216	-16777216
0	-16777216	-16777216
11	-1081708	-16777216
11	-29274	-16777216
11	-27217	-16777216
11	-26703	-16777216
11	-25675	-16777216
11	-25418	-16777216
11	-30300	-16777216
11	-29018	-16777216
27	-1879462	-16777216
35	-2407613	-16777216
27	-1885389	-16777216
11	-771798	-16777216
11	-943535	-16777216
11	-991903	-16777216
18	-1186460	-16777216
18	-1250971	-16777216
37	-2436002	-16777216
91	-6839919	-16777216
0	-16777216	-16777216
0	-16777216	-16777216
0	-16777216	-16777216
0	-16777216	-16777216
0	-16777216	-16777216
0	-16777216	-16777216
0	-16777216	-16777216
0	-16777216	-16777216
0	-16777216	-16777216
0	-16777216	-16777216
0	-16777216	-16777216
11	-423775	-16777216
11	-29273	-16777216
11	-28758	-16777216
11	-27472	-16777216
11	-222539	-16777216
11	-89155	-16777216
11	-23619	-16777216
11	-32101	-16777216
11	-27218	-16777216
11	-1021057	-16777216
35	-2341303	-16777216
53	-3521220	-16777216
35	-2408401	-16777216
22	-1487563	-16777216
11	-926879	-16777216
18	-1186462	-16777216
18	-1382557	-16777216
40	-2633898	-16777216
63	-4148904	-16777216
0	-4144960	-16777216
0	-16777216	-16777216
0	-4144960	-16777216
0	-16777216	-16777216
0	-16777216	-16777216
0	-16777216	-16777216
0	-16777216	-16777216
0	-16777216	-16777216
0	-16777216	-16777216
0	-16777216	-16777216
72	-4756355	-16777216
11	-31070	-16777216
11	-30041	-16777216
11	-29013	-16777216
11	-421460	-16777216
22	-4402455	-16777216
11	-3941649	-16777216
50	-5263667	-16777216
11	-940870	-16777216
11	-25935	-16777216
11	-29274	-16777216
56	-3717043	-16777216
58	-3848384	-16777216
69	-4569035	-16777216
44	-2926284	-16777216
11	-1126047	-16777216
11	-724350	-16777216
11	-592002	-16777216
31	-2041764	-16777216
50	-3294383	-16777216
0	-4144960	-16777216
0	-16777216	-16777216
0	-16777216	-16777216
0	-16777216	-16777216
0	-16777216	-16777216
0	-16777216	-16777216
0	-16777216	-16777216
0	-16777216	-16777216
0	-16777216	-16777216
0	-16777216	-16777216
11	-1146472	-16777216
11	-31586	-16777216
11	-30814	-16777216
11	-29786	-16777216
11	-28500	-16777216
11	-25933	-16777216
18	-1399106	-16777216
37	-2441770	-16777216
37	-2448451	-16777216
11	-26450	-16777216
11	-28505	-16777216
11	-359272	-16777216
75	-4960958	-16777216
72	-4761542	-16777216
62	-4096707	-16777216
18	-1187739	-16777216
11	-659853	-16777216
11	-460407	-16777216
11	-525960	-16777216
37	-2502309	-16777216
87	-6379381	-16777216
0	-4144960	-16777216
0	-16777216	-16777216
0	-16777216	-16777216
0	-16777216	-16777216
0	-16777216	-16777216
0	-16777216	-16777216
0	-16777216	-16777216
0	-16777216	-16777216
0	-16777216	-16777216
18	-1343852	-16777216
11	-425063	-16777216
11	-97381	-16777216
11	-31071	-16777216
11	-160860	-16777216
11	-225624	-16777216
11	-27732	-16777216
11	-27475	-16777216
11	-28504	-16777216
22	-1480314	-16777216
11	-30049	-16777216
11	-30309	-16777216
18	-1406840	-16777216
79	-5217232	-16777216
46	-3035320	-16777216
22	-1450399	-16777216
11	-1120408	-16777216
11	-856207	-16777216
11	-525404	-16777216
11	-657545	-16777216
68	-4605065	-16777216
0	-4144960	-16777216
0	-4144960	-16777216
0	-16777216	-16777216
0	-16777216	-16777216
0	-16777216	-16777216
0	-16777216	-16777216
0	-16777216	-16777216
0	-16777216	-16777216
0	-16777216	-16777216
29	-1934195	-16777216
11	-1016172	-16777216
11	-622186	-16777216
11	-425063	-16777216
62	-5919295	-16777216
48	-5719857	-16777216
135	-9221015	-16777216
68	-4494459	-16777216
11	-293734	-16777216
18	-1219964	-16777216
11	-359273	-16777216
11	-621420	-16777216
11	-1077622	-16777216
51	-3371203	-16777216
32	-2111659	-16777216
27	-1845667	-16777216
23	-1647009	-16777216
23	-1514398	-16777216
18	-1184658	-16777216
11	-459610	-16777216
11	-1118095	-16777216
0	-4144960	-16777216
0	-4144960	-16777216
0	-16777216	-16777216
0	-16777216	-16777216
0	-16777216	-16777216
0	-16777216	-16777216
0	-16777216	-16777216
0	-16777216	-16777216
0	-16777216	-16777216
47	-3115133	-16777216
27	-1869942	-16777216
18	-1213808	-16777216
11	-1082221	-16777216
22	-1475182	-16777216
83	-5480334	-16777216
101	-7908236	-16777216
101	-8496749	-16777216
11	-1017198	-16777216
11	-951407	-16777216
11	-1147760	-16777216
22	-1474933	-16777216
23	-1734530	-16777216
29	-1920693	-16777216
31	-2047662	-16777216
33	-2175913	-16777216
32	-2108582	-16777216
31	-2041252	-16777216
27	-1777571	-16777216
22	-1447836	-16777216
11	-1118612	-16777216
0	-4144960	-16777216
0	-4144960	-16777216
0	-4144960	-16777216
0	-16777216	-16777216
0	-16777216	-16777216
0	-16777216	-16777216
0	-16777216	-16777216
0	-16777216	-16777216
0	-16777216	-16777216
71	-4687234	-16777216
47	-3116674	-16777216
32	-2133371	-16777216
23	-1739383	-16777216
22	-1476724	-16777216
22	-1476723	-16777216
23	-1608823	-16777216
22	-1480063	-16777216
22	-1476981	-16777216
22	-1476981	-16777216
23	-1739129	-16777216
32	-2132349	-16777216
29	-1930386	-16777216
18	-1331123	-16777216
29	-1919151	-16777216
37	-2440878	-16777216
39	-2569900	-16777216
39	-2568107	-16777216
35	-2369961	-16777216
31	-2040743	-16777216
23	-1645218	-16777216
51	-3879812	-16777216
0	-4144960	-16777216
0	-16777216	-16777216
0	-16777216	-16777216
0	-16777216	-16777216
0	-16777216	-16777216
0	-16777216	-16777216
0	-16777216	-16777216
0	-16777216	-16777216
0	-16777216	-16777216
61	-4032643	-16777216
57	-3773320	-16777216
47	-3117957	-16777216
39	-2592895	-16777216
35	-2396027	-16777216
33	-2268294	-16777216
37	-2464646	-16777216
37	-2527615	-16777216
39	-2593152	-16777216
44	-2921092	-16777216
41	-2723718	-16777216
11	-92247	-16777216
11	-614535	-16777216
37	-2446263	-16777216
47	-3099574	-16777216
50	-3294133	-16777216
50	-3293107	-16777216
48	-3160753	-16777216
46	-3028656	-16777216
44	-2896300	-16777216
87	-6511249	-16777216
0	-4144960	-16777216
0	-16777216	-16777216
0	-16777216	-16777216
0	-16777216	-16777216
0	-16777216	-16777216
0	-16777216	-16777216
0	-16777216	-16777216
0	-16777216	-16777216
0	-16777216	-16777216
101	-8167324	-16777216
65	-4295560	-16777216
67	-4429201	-16777216
62	-4102799	-16777216
59	-3905932	-16777216
57	-3775116	-16777216
59	-3906445	-16777216
63	-4169361	-16777216
67	-4432022	-16777216
55	-3643533	-16777216
11	-161377	-16777216
11	-29793	-16777216
11	-750199	-16777216
52	-3428280	-16777216
65	-4282814	-16777216
67	-4413631	-16777216
70	-4610239	-16777216
75	-4938688	-16777216
81	-5399237	-16777216
127	-8817335	-16777216
135	-14401444	-16777216
0	-16777216	-16777216
0	-16777216	-16777216
0	-16777216	-16777216
0	-16777216	-16777216
0	-16777216	-16777216
0	-16777216	-16777216
0	-16777216	-16777216
0	-16777216	-16777216
0	-16777216	-16777216
0	-16777216	-16777216
0	-16777216	-16777216
78	-5149841	-16777216
72	-4758166	-16777216
72	-4760221	-16777216
71	-4697253	-16777216
72	-4763562	-16777216
73	-4830126	-16777216
64	-4236957	-16777216
30	-2001273	-16777216
23	-1673336	-16777216
35	-2329732	-16777216
49	-3229863	-16777216
49	-3225773	-16777216
78	-5136580	-16777216
99	-6585040	-16777216
101	-7768024	-16777216
135	-11120075	-16777216
135	-13418421	-16777216
191	-14141889	-16777216
0	-16777216	-16777216
0	-16777216	-16777216
0	-16777216	-16777216
0	-16777216	-16777216
0	-16777216	-16777216
0	-16777216	-16777216
0	-16777216	-16777216
0	-16777216	-16777216
0	-16777216	-16777216
0	-16777216	-16777216
0	-16777216	-16777216
0	-16777216	-16777216
0	-16777216	-16777216
0	-16777216	-16777216
0	-16777216	-16777216
91	-6078399	-16777216
87	-5823444	-16777216
48	-3193779	-16777216
47	-3129529	-16777216
75	-4964287	-16777216
96	-6401991	-16777216
71	-4680642	-16777216
49	-3225517	-16777216
47	-3093674	-16777216
71	-4672951	-16777216
135	-11515598	-16777216
135	-12828349	-16777216
193	-13880003	-16777216
0	-16777216	-16777216
0	-16777216	-16777216
0	-16777216	-16777216
0	-16777216	-16777216
0	-16777216	-16777216
0	-16777216	-16777216
0	-16777216	-16777216
0	-16777216	-16777216
0	-16777216	-16777216
0	-16777216	-16777216
0	-16777216	-16777216
0	-16777216	-16777216
0	-16777216	-16777216
0	-16777216	-16777216
0	-16777216	-16777216
0	-16777216	-16777216
127	-8374219	-16777216
32	-2153167	-16777216
11	-246711	-16777216
11	-38542	-16777216
11	-47281	-16777216
11	-840917	-16777216
77	-5079498	-16777216
63	-4149175	-16777216
49	-3225261	-16777216
50	-3290797	-16777216
101	-7304645	-16777216
191	-12633823	-16777216
0	-16777216	-16777216
0	-16777216	-16777216
0	-16777216	-16777216
0	-16777216	-16777216
0	-16777216	-16777216
0	-16777216	-16777216
0	-16777216	-16777216
0	-16777216	-16777216
0	-16777216	-16777216
0	-16777216	-16777216
0	-16777216	-16777216
0	-16777216	-16777216
0	-16777216	-16777216
0	-16777216	-16777216
0	-16777216	-16777216
0	-16777216	-16777216
0	-16777216	-16777216
0	-16777216	-16777216
40	-2675660	-16777216
11	-250052	-16777216
11	-44964	-16777216
11	-180920	-16777216
27	-1828316	-16777216
101	-6785466	-16777216
76	-5007296	-16777216
60	-3950260	-16777216
52	-3422637	-16777216
62	-4080565	-16777216
135	-12304864	-16777216
0	-16777216	-16777216
0	-16777216	-16777216
0	-16777216	-16777216
0	-16777216	-16777216
0	-16777216	-16777216
0	-16777216	-16777216
0	-16777216	-16777216
0	-16777216	-16777216
0	-16777216	-16777216
0	-16777216	-16777216
0	-16777216	-16777216
0	-16777216	-16777216
0	-16777216	-16777216
0	-16777216	-16777216
0	-16777216	-16777216
0	-16777216	-16777216
0	-16777216	-16777216
0	-16777216	-16777216
0	-16777216	-16777216
30	-2020044	-16777216
11	-516050	-16777216
11	-1041620	-16777216
101	-6742239	-16777216
0	-16777216	-16777216
0	-16777216	-16777216
101	-7241658	-16777216
70	-4609466	-16777216
69	-4542393	-16777216
135	-10463190	-16777216
0	-16777216	-16777216
0	-16777216	-16777216
0	-16777216	-16777216
0	-16777216	-16777216
0	-16777216	-16777216
0	-16777216	-16777216
0	-16777216	-16777216
0	-16777216	-16777216
0	-16777216	-16777216
0	-16777216	-16777216
0	-16777216	-16777216
0	-16777216	-16777216
0	-16777216	-16777216
0	-16777216	-16777216
0	-16777216	-16777216
0	-16777216	-16777216
0	-16777216	-16777216
0	-16777216	-16777216
0	-16777216	-16777216
0	-16777216	-16777216
101	-8175812	-16777216
0	-16777216	-16777216
0	-16777216	-16777216
0	-16777216	-16777216
0	-16777216	-16777216
0	-16777216	-16777216
0	-16777216	-16777216
0	-16777216	-16777216
0	-16777216	-16777216
0	-16777216	-16777216
0	-16777216	-16777216
0	-16777216	-16777216
0	-16777216	-16777216
0	-16777216	-16777216
0	-16777216	-16777216
0	-16777216	-16777216
0	-16777216	-16777216
0	-16777216	-16777216
0	-16777216	-16777216
0	-16777216	-16777216
0	-16777216	-16777216
0	-16777216	-16777216
0	-16777216	-16777216
0	-16777216	-16777216
0	-16777216	-16777216
0	-16777216	-16777216
0	-16777216	-16777216
0	-16777216	-16777216
0	-16777216	-16777216
0	-16777216	-16777216
0	-16777216	-16777216
0	-16777216	-16777216
0	-16777216	-16777216
0	-16777216	-16777216
0	-16777216	-16777216
0	-16777216	-16777216
0	-16777216	-16777216
0	-16777216	-16777216
0	-16777216	-16777216
0	-16777216	-16777216
0	-16777216	-16777216
0	-16777216	-16777216
0	-16777216	-16777216
0	-16777216	-16777216
0	-16777216	-16777216
0	-16777216	-16777216
0	-16777216	-16777216
0	-16777216	-16777216
0	-16777216	-16777216
0	-16777216	-16777216
0	-16777216	-16777216
0	-16777216	-16777216
0	-16777216	-16777216
0	-16777216	-16777216
0	-16777216	-16777216
0	-16777216	-16777216
0	-16777216	-16777216
0	-16777216	-16777216
0	-16777216	-16777216
0	-16777216	-16777216
0	-16777216	-16777216
0	-16777216	-16777216
0	-16777216	-16777216
0	-16777216	-16777216
0	-16777216	-16777216
0	-16777216	-16777216
0	-16777216	-16777216
0	-16777216	-16777216
0	-16777216	-16777216
0	-16777216	-16777216
0	-16777216	-16777216
0	-16777216	-16777216
0	-16777216	-16777216
0	-16777216	-16777216
0	-16777216	-16777216
0	-16777216	-16777216
0	-16777216	-16777216
0	-16777216	-16777216
0	-16777216	-16777216
0	-16777216	-16777216
0	-16777216	-16777216
0	-16777216	-16777216
0	-16777216	-16777216
0	-16777216	-16777216
0	-16777216	-16777216
0	-16777216	-16777216
0	-16777216	-16777216
0	-16777216	-16777216
0	-16777216	-16777216
0	-16777216	-16777216
0	-16777216	-16777216
0	-16777216	-16777216
0	-16777216	-16777216
0	-16777216	-16777216
0	-16777216	-16777216
0	-16777216	-16777216
0	-16777216	-16777216
0	-16777216	-16777216
0	-16777216	-16777216
0	-16777216	-16777216
0	-16777216	-16777216
0	-16777216	-16777216
0	-16777216	-16777216
0	-16777216	-16777216
0	-16777216	-16777216
0	-16777216	-16777216
0	-16777216	-16777216
0	-16777216	-16777216
0	-16777216	-16777216
0	-16777216	-16777216
0	-16777216	-16777216
0	-16777216	-16777216
0	-16777216	-16777216
0	-16777216	-16777216
0	-16777216	-16777216
0	-16777216	-16777216
0	-16777216	-16777216
0	-16777216	-16777216
0	-16777216	-16777216
0	-16777216	-16777216
0	-16777216	-16777216
0	-16777216	-16777216
0	-16777216	-16777216
0	-16777216	-16777216
0	-16777216	-16777216
0	-16777216	-16777216
0	-16777216	-16777216
0	-16777216	-16777216
0	-16777216	-16777216
0	-16777216	-16777216
0	-16777216	-16777216
0	-16777216	-16777216
0	-16777216	-16777216
0	-16777216	-16777216
0	-16777216	-16777216
0	-16777216	-16777216
0	-16777216	-16777216
0	-16777216	-16777216
0	-16777216	-16777216
0	-16777216	-16777216
0	-16777216	-16777216
