5
5
0	-4144960	-16777216
0	-4144960	-16777216
0	-4144960	-16777216
0	-4144960	-16777216
0	-4144960	-16777216
0	-4144960	-16777216
11	-24135	-16777216
27	-1881534	-16777216
11	-921738	-16777216
0	-4144960	-16777216
0	-4144960	-16777216
60	-3959382	-16777216
11	-161895	-16777216
18	-1317019	-16777216
0	-4144960	-16777216
0	-4144960	-16777216
77	-5087132	-16777216
55	-3644307	-16777216
135	-10530272	-16777216
0	-4144960	-16777216
0	-4144960	-16777216
0	-4144960	-16777216
0	-4144960	-16777216
0	-4144960	-16777216
0	-4144960	-16777216
