35
35
0	-16777216	-16777216
0	-16777216	-16777216
0	-16777216	-16777216
0	-16777216	-16777216
0	-16777216	-16777216
0	-16777216	-16777216
0	-16777216	-16777216
0	-16777216	-16777216
0	-16777216	-16777216
0	-16777216	-16777216
0	-16777216	-16777216
0	-16777216	-16777216
0	-16777216	-16777216
0	-16777216	-16777216
0	-16777216	-16777216
0	-16777216	-16777216
0	-16777216	-16777216
0	-16777216	-16777216
0	-16777216	-16777216
0	-16777216	-16777216
0	-16777216	-16777216
0	-16777216	-16777216
0	-16777216	-16777216
0	-16777216	-16777216
0	-16777216	-16777216
0	-16777216	-16777216
0	-16777216	-16777216
0	-16777216	-16777216
0	-16777216	-16777216
0	-16777216	-16777216
0	-16777216	-16777216
0	-16777216	-16777216
0	-16777216	-16777216
0	-16777216	-16777216
0	-16777216	-16777216
0	-16777216	-16777216
0	-16777216	-16777216
0	-16777216	-16777216
0	-16777216	-16777216
0	-16777216	-16777216
0	-16777216	-16777216
0	-16777216	-16777216
0	-16777216	-16777216
0	-16777216	-16777216
0	-16777216	-16777216
0	-16777216	-16777216
0	-16777216	-16777216
0	-16777216	-16777216
0	-16777216	-16777216
0	-16777216	-16777216
0	-16777216	-16777216
0	-16777216	-16777216
0	-16777216	-16777216
0	-16777216	-16777216
0	-16777216	-16777216
0	-16777216	-16777216
0	-16777216	-16777216
0	-16777216	-16777216
0	-16777216	-16777216
0	-16777216	-16777216
0	-16777216	-16777216
0	-16777216	-16777216
0	-16777216	-16777216
0	-16777216	-16777216
0	-16777216	-16777216
0	-16777216	-16777216
0	-16777216	-16777216
0	-16777216	-16777216
0	-16777216	-16777216
0	-16777216	-16777216
0	-16777216	-16777216
0	-16777216	-16777216
0	-16777216	-16777216
0	-16777216	-16777216
0	-16777216	-16777216
0	-16777216	-16777216
0	-16777216	-16777216
0	-16777216	-16777216
0	-16777216	-16777216
0	-16777216	-16777216
0	-16777216	-16777216
0	-16777216	-16777216
0	-16777216	-16777216
0	-16777216	-16777216
0	-16777216	-16777216
0	-16777216	-16777216
0	-16777216	-16777216
0	-16777216	-16777216
0	-16777216	-16777216
0	-16777216	-16777216
0	-16777216	-16777216
0	-16777216	-16777216
0	-16777216	-16777216
0	-16777216	-16777216
0	-16777216	-16777216
0	-16777216	-16777216
0	-16777216	-16777216
0	-16777216	-16777216
0	-16777216	-16777216
0	-16777216	-16777216
0	-16777216	-16777216
0	-16777216	-16777216
0	-16777216	-16777216
0	-16777216	-16777216
0	-16777216	-16777216
0	-16777216	-16777216
0	-16777216	-16777216
0	-16777216	-16777216
0	-16777216	-16777216
0	-16777216	-16777216
0	-16777216	-16777216
0	-16777216	-16777216
0	-16777216	-16777216
0	-16777216	-16777216
0	-16777216	-16777216
0	-16777216	-16777216
0	-16777216	-16777216
0	-16777216	-16777216
0	-16777216	-16777216
0	-16777216	-16777216
0	-16777216	-16777216
0	-16777216	-16777216
0	-16777216	-16777216
0	-16777216	-16777216
0	-16777216	-16777216
0	-16777216	-16777216
0	-16777216	-16777216
0	-16777216	-16777216
0	-16777216	-16777216
0	-16777216	-16777216
0	-16777216	-16777216
0	-16777216	-16777216
0	-16777216	-16777216
0	-16777216	-16777216
0	-16777216	-16777216
0	-16777216	-16777216
0	-16777216	-16777216
0	-16777216	-16777216
0	-16777216	-16777216
0	-16777216	-16777216
0	-16777216	-16777216
0	-16777216	-16777216
0	-16777216	-16777216
0	-16777216	-16777216
0	-16777216	-16777216
0	-16777216	-16777216
0	-16777216	-16777216
0	-16777216	-16777216
0	-16777216	-16777216
0	-16777216	-16777216
0	-16777216	-16777216
0	-16777216	-16777216
0	-16777216	-16777216
0	-16777216	-16777216
0	-16777216	-16777216
0	-16777216	-16777216
0	-16777216	-16777216
0	-16777216	-16777216
0	-16777216	-16777216
0	-16777216	-16777216
0	-16777216	-16777216
0	-16777216	-16777216
0	-16777216	-16777216
0	-16777216	-16777216
0	-16777216	-16777216
0	-16777216	-16777216
0	-16777216	-16777216
0	-16777216	-16777216
0	-16777216	-16777216
0	-16777216	-16777216
0	-16777216	-16777216
0	-16777216	-16777216
0	-16777216	-16777216
0	-16777216	-16777216
0	-16777216	-16777216
0	-16777216	-16777216
0	-16777216	-16777216
0	-16777216	-16777216
0	-16777216	-16777216
0	-16777216	-16777216
0	-16777216	-16777216
0	-16777216	-16777216
0	-16777216	-16777216
0	-16777216	-16777216
0	-16777216	-16777216
0	-16777216	-16777216
0	-16777216	-16777216
0	-16777216	-16777216
0	-16777216	-16777216
0	-16777216	-16777216
0	-16777216	-16777216
0	-16777216	-16777216
0	-16777216	-16777216
0	-16777216	-16777216
0	-16777216	-16777216
0	-16777216	-16777216
0	-16777216	-16777216
0	-16777216	-16777216
0	-16777216	-16777216
0	-16777216	-16777216
0	-16777216	-16777216
0	-16777216	-16777216
0	-16777216	-16777216
0	-16777216	-16777216
0	-16777216	-16777216
0	-16777216	-16777216
0	-16777216	-16777216
0	-16777216	-16777216
0	-16777216	-16777216
0	-16777216	-16777216
0	-16777216	-16777216
0	-16777216	-16777216
0	-16777216	-16777216
0	-16777216	-16777216
0	-16777216	-16777216
0	-16777216	-16777216
0	-16777216	-16777216
0	-16777216	-16777216
0	-16777216	-16777216
0	-16777216	-16777216
0	-16777216	-16777216
0	-16777216	-16777216
0	-16777216	-16777216
0	-16777216	-16777216
0	-16777216	-16777216
0	-16777216	-16777216
0	-16777216	-16777216
0	-16777216	-16777216
0	-16777216	-16777216
0	-16777216	-16777216
0	-16777216	-16777216
0	-16777216	-16777216
0	-16777216	-16777216
0	-16777216	-16777216
0	-16777216	-16777216
0	-16777216	-16777216
0	-16777216	-16777216
0	-16777216	-16777216
0	-16777216	-16777216
0	-16777216	-16777216
0	-16777216	-16777216
0	-16777216	-16777216
0	-16777216	-16777216
0	-16777216	-16777216
0	-16777216	-16777216
0	-16777216	-16777216
0	-16777216	-16777216
0	-16777216	-16777216
0	-16777216	-16777216
0	-16777216	-16777216
0	-16777216	-16777216
0	-16777216	-16777216
0	-16777216	-16777216
0	-16777216	-16777216
0	-16777216	-16777216
0	-16777216	-16777216
0	-16777216	-16777216
0	-16777216	-16777216
0	-16777216	-16777216
0	-16777216	-16777216
0	-16777216	-16777216
0	-16777216	-16777216
0	-16777216	-16777216
0	-16777216	-16777216
0	-16777216	-16777216
0	-16777216	-16777216
101	-8160184	-16777216
56	-3685286	-16777216
18	-1382298	-16777216
11	-987022	-16777216
78	-5263012	-16777216
0	-16777216	-16777216
0	-16777216	-16777216
0	-16777216	-16777216
0	-16777216	-16777216
0	-16777216	-16777216
0	-16777216	-16777216
0	-16777216	-16777216
0	-16777216	-16777216
0	-16777216	-16777216
0	-16777216	-16777216
0	-16777216	-16777216
0	-16777216	-16777216
0	-16777216	-16777216
0	-16777216	-16777216
0	-16777216	-16777216
0	-16777216	-16777216
27	-1867626	-16777216
11	-26446	-16777216
11	-91468	-16777216
11	-750427	-16777216
101	-7775133	-16777216
0	-16777216	-16777216
0	-16777216	-16777216
101	-8162734	-16777216
0	-16777216	-16777216
0	-16777216	-16777216
0	-16777216	-16777216
0	-16777216	-16777216
0	-16777216	-16777216
44	-2896548	-16777216
18	-1317791	-16777216
11	-1054365	-16777216
11	-790936	-16777216
11	-460132	-16777216
11	-657799	-16777216
0	-16777216	-16777216
0	-16777216	-16777216
0	-16777216	-16777216
0	-16777216	-16777216
0	-16777216	-16777216
0	-16777216	-16777216
0	-16777216	-16777216
0	-16777216	-16777216
0	-16777216	-16777216
0	-16777216	-16777216
0	-16777216	-16777216
0	-16777216	-16777216
0	-16777216	-16777216
0	-16777216	-16777216
0	-16777216	-16777216
101	-8235425	-16777216
11	-228452	-16777216
11	-27217	-16777216
11	-20281	-16777216
11	-23364	-16777216
11	-27220	-16777216
48	-3174021	-16777216
18	-1382809	-16777216
11	-790418	-16777216
11	-593040	-16777216
11	-527506	-16777216
18	-1404594	-16777216
11	-113084	-16777216
11	-753858	-16777216
18	-1319075	-16777216
18	-1187488	-16777216
11	-1055647	-16777216
11	-857496	-16777216
11	-591719	-16777216
11	-986768	-16777216
0	-16777216	-16777216
0	-16777216	-16777216
0	-16777216	-16777216
0	-16777216	-16777216
0	-16777216	-16777216
0	-16777216	-16777216
0	-16777216	-16777216
0	-16777216	-16777216
0	-16777216	-16777216
0	-16777216	-16777216
0	-16777216	-16777216
0	-16777216	-16777216
0	-16777216	-16777216
0	-16777216	-16777216
0	-16777216	-16777216
127	-8432548	-16777216
11	-1083249	-16777216
11	-31073	-16777216
11	-26448	-16777216
11	-24135	-16777216
11	-25163	-16777216
11	-26705	-16777216
11	-544876	-16777216
11	-604542	-16777216
11	-661139	-16777216
11	-726933	-16777216
27	-1881534	-16777216
11	-572093	-16777216
11	-112834	-16777216
11	-809648	-16777216
11	-1122722	-16777216
11	-1122208	-16777216
11	-989848	-16777216
11	-921738	-16777216
18	-1315481	-16777216
70	-7032903	-16777216
0	-16777216	-16777216
0	-16777216	-16777216
0	-16777216	-16777216
0	-16777216	-16777216
0	-16777216	-16777216
0	-16777216	-16777216
0	-16777216	-16777216
0	-16777216	-16777216
0	-16777216	-16777216
0	-16777216	-16777216
0	-16777216	-16777216
0	-16777216	-16777216
0	-16777216	-16777216
0	-16777216	-16777216
0	-16777216	-16777216
33	-2265216	-16777216
11	-230508	-16777216
11	-29788	-16777216
11	-26190	-16777216
11	-26446	-16777216
11	-26960	-16777216
11	-26961	-16777216
11	-27218	-16777216
11	-27993	-16777216
11	-482942	-16777216
29	-1947060	-16777216
27	-1819853	-16777216
11	-575441	-16777216
11	-570827	-16777216
11	-866467	-16777216
11	-1057441	-16777216
11	-1121435	-16777216
11	-1119894	-16777216
22	-1447580	-16777216
55	-3619994	-16777216
0	-16777216	-16777216
0	-16777216	-16777216
0	-16777216	-16777216
0	-16777216	-16777216
0	-16777216	-16777216
0	-16777216	-16777216
0	-16777216	-16777216
0	-16777216	-16777216
0	-16777216	-16777216
0	-16777216	-16777216
0	-16777216	-16777216
0	-16777216	-16777216
0	-16777216	-16777216
0	-16777216	-16777216
101	-7513241	-16777216
11	-291676	-16777216
11	-28503	-16777216
11	-27475	-16777216
11	-26960	-16777216
11	-26188	-16777216
11	-24904	-16777216
11	-25161	-16777216
11	-33384	-16777216
11	-28246	-16777216
11	-692604	-16777216
30	-2012850	-16777216
40	-2670019	-16777216
29	-1950414	-16777216
11	-968407	-16777216
11	-1018814	-16777216
11	-926879	-16777216
11	-1121949	-16777216
18	-1251484	-16777216
23	-1513886	-16777216
45	-2964397	-16777216
91	-6577273	-16777216
0	-16777216	-16777216
0	-16777216	-16777216
0	-16777216	-16777216
0	-16777216	-16777216
0	-16777216	-16777216
0	-16777216	-16777216
0	-16777216	-16777216
0	-16777216	-16777216
0	-16777216	-16777216
0	-16777216	-16777216
0	-16777216	-16777216
0	-16777216	-16777216
127	-8826020	-16777216
11	-292446	-16777216
11	-29529	-16777216
11	-29015	-16777216
11	-27986	-16777216
11	-157517	-16777216
11	-549449	-16777216
11	-88898	-16777216
11	-23620	-16777216
11	-31843	-16777216
11	-26961	-16777216
11	-161631	-16777216
37	-2471344	-16777216
43	-2865851	-16777216
53	-3520963	-16777216
37	-2473681	-16777216
23	-1619406	-16777216
11	-863650	-16777216
11	-1121950	-16777216
18	-1251229	-16777216
23	-1645471	-16777216
51	-3359670	-16777216
66	-4345763	-16777216
32	-11039265	-16777216
0	-16777216	-16777216
0	-16777216	-16777216
0	-16777216	-16777216
0	-16777216	-16777216
0	-16777216	-16777216
0	-16777216	-16777216
0	-16777216	-16777216
0	-16777216	-16777216
0	-16777216	-16777216
0	-16777216	-16777216
0	-16777216	-16777216
27	-1802347	-16777216
11	-31070	-16777216
11	-30041	-16777216
11	-29270	-16777216
11	-28499	-16777216
57	-3760973	-16777216
11	-4204306	-16777216
33	-4470307	-16777216
52	-4477749	-16777216
11	-1137477	-16777216
11	-25164	-16777216
11	-27733	-16777216
18	-1216380	-16777216
54	-3587517	-16777216
64	-4241604	-16777216
66	-4372428	-16777216
44	-2927566	-16777216
18	-1393575	-16777216
11	-923539	-16777216
11	-592248	-16777216
11	-920977	-16777216
47	-3096758	-16777216
50	-3294381	-16777216
0	-16777216	-16777216
0	-16777216	-16777216
0	-16777216	-16777216
0	-16777216	-16777216
0	-16777216	-16777216
0	-16777216	-16777216
0	-16777216	-16777216
0	-16777216	-16777216
0	-16777216	-16777216
0	-16777216	-16777216
0	-16777216	-16777216
0	-16777216	-16777216
11	-687205	-16777216
11	-31328	-16777216
11	-30557	-16777216
11	-29786	-16777216
11	-29013	-16777216
11	-92753	-16777216
11	-1072711	-16777216
54	-3559481	-16777216
18	-4469269	-16777216
54	-4740919	-16777216
11	-25166	-16777216
11	-27734	-16777216
11	-29278	-16777216
46	-3055255	-16777216
71	-4699843	-16777216
75	-4959175	-16777216
67	-4428230	-16777216
23	-1519009	-16777216
11	-726160	-16777216
11	-526460	-16777216
11	-394619	-16777216
11	-723342	-16777216
54	-3556785	-16777216
83	-5985146	-16777216
0	-16777216	-16777216
0	-16777216	-16777216
0	-16777216	-16777216
0	-16777216	-16777216
0	-16777216	-16777216
0	-16777216	-16777216
0	-16777216	-16777216
0	-16777216	-16777216
0	-16777216	-16777216
0	-16777216	-16777216
85	-5674636	-16777216
11	-818793	-16777216
11	-228453	-16777216
11	-31586	-16777216
11	-30558	-16777216
11	-29786	-16777216
11	-28502	-16777216
11	-27218	-16777216
11	-25677	-16777216
11	-25420	-16777216
11	-26448	-16777216
18	-1412728	-16777216
11	-160864	-16777216
11	-29793	-16777216
11	-226920	-16777216
62	-4102060	-16777216
77	-5086669	-16777216
53	-3500227	-16777216
23	-1516448	-16777216
11	-1054871	-16777216
11	-856208	-16777216
11	-591995	-16777216
11	-460149	-16777216
11	-986512	-16777216
77	-5066128	-16777216
0	-16777216	-16777216
0	-16777216	-16777216
0	-16777216	-16777216
0	-16777216	-16777216
0	-16777216	-16777216
0	-16777216	-16777216
0	-16777216	-16777216
0	-16777216	-16777216
0	-16777216	-16777216
0	-16777216	-16777216
73	-4886148	-16777216
18	-1278317	-16777216
11	-687721	-16777216
11	-293991	-16777216
11	-162660	-16777216
29	-1933417	-16777216
59	-3893846	-16777216
66	-4361080	-16777216
31	-2064234	-16777216
11	-95068	-16777216
11	-30047	-16777216
11	-366198	-16777216
11	-888693	-16777216
11	-161895	-16777216
11	-488812	-16777216
18	-1208951	-16777216
67	-4425677	-16777216
39	-2573489	-16777216
27	-1779618	-16777216
22	-1449631	-16777216
18	-1317019	-16777216
11	-1053587	-16777216
11	-656987	-16777216
11	-525418	-16777216
30	-2236041	-16777216
0	-16777216	-16777216
0	-16777216	-16777216
0	-16777216	-16777216
0	-16777216	-16777216
0	-16777216	-16777216
0	-16777216	-16777216
0	-16777216	-16777216
0	-16777216	-16777216
0	-16777216	-16777216
0	-16777216	-16777216
85	-5673611	-16777216
29	-1934964	-16777216
18	-1279087	-16777216
11	-819307	-16777216
11	-687722	-16777216
58	-3837049	-16777216
63	-6246976	-16777216
79	-6972497	-16777216
135	-10599570	-16777216
96	-9480033	-16777216
11	-688235	-16777216
11	-557415	-16777216
11	-622186	-16777216
11	-818797	-16777216
11	-1145716	-16777216
18	-1339773	-16777216
39	-2579130	-16777216
32	-2112172	-16777216
30	-1978278	-16777216
27	-1845156	-16777216
23	-1712802	-16777216
23	-1645727	-16777216
18	-1382297	-16777216
11	-854904	-16777216
11	-986249	-16777216
0	-16777216	-16777216
0	-16777216	-16777216
0	-16777216	-16777216
0	-16777216	-16777216
0	-16777216	-16777216
0	-16777216	-16777216
0	-16777216	-16777216
0	-16777216	-16777216
0	-16777216	-16777216
0	-16777216	-16777216
101	-8167582	-16777216
47	-3115903	-16777216
31	-2067063	-16777216
18	-1410930	-16777216
11	-1148271	-16777216
11	-1147758	-16777216
18	-1212780	-16777216
42	-2788215	-16777216
79	-5217419	-16777216
66	-4364422	-16777216
11	-1082735	-16777216
11	-1083249	-16777216
11	-1148016	-16777216
22	-1475700	-16777216
23	-1671546	-16777216
29	-1930123	-16777216
27	-1788852	-16777216
30	-1982895	-16777216
33	-2242219	-16777216
35	-2306216	-16777216
33	-2173606	-16777216
32	-2106788	-16777216
27	-1843363	-16777216
23	-1514143	-16777216
18	-1250201	-16777216
23	-1972876	-16777216
0	-16777216	-16777216
0	-16777216	-16777216
0	-16777216	-16777216
0	-16777216	-16777216
0	-16777216	-16777216
0	-16777216	-16777216
0	-16777216	-16777216
0	-16777216	-16777216
0	-16777216	-16777216
0	-16777216	-16777216
58	-3834237	-16777216
48	-3182210	-16777216
35	-2330236	-16777216
29	-1936248	-16777216
23	-1608054	-16777216
22	-1476724	-16777216
23	-1542516	-16777216
23	-1610621	-16777216
23	-1545342	-16777216
23	-1542518	-16777216
23	-1542517	-16777216
23	-1673848	-16777216
30	-2001787	-16777216
35	-2328450	-16777216
18	-1402262	-16777216
18	-1331123	-16777216
27	-1853872	-16777216
35	-2376109	-16777216
40	-2636205	-16777216
40	-2634925	-16777216
37	-2502571	-16777216
35	-2370216	-16777216
32	-2106536	-16777216
23	-1711267	-16777216
23	-1775774	-16777216
0	-16777216	-16777216
0	-16777216	-16777216
0	-16777216	-16777216
0	-16777216	-16777216
0	-16777216	-16777216
0	-16777216	-16777216
0	-16777216	-16777216
0	-16777216	-16777216
0	-16777216	-16777216
0	-16777216	-16777216
101	-7181201	-16777216
60	-3967621	-16777216
56	-3707784	-16777216
49	-3249030	-16777216
39	-2593151	-16777216
35	-2395772	-16777216
35	-2330491	-16777216
33	-2268551	-16777216
35	-2398596	-16777216
37	-2461823	-16777216
37	-2461823	-16777216
40	-2658690	-16777216
44	-2920837	-16777216
23	-1606263	-16777216
11	-26456	-16777216
11	-940954	-16777216
35	-2314935	-16777216
45	-2968758	-16777216
49	-3229107	-16777216
49	-3228083	-16777216
49	-3226802	-16777216
47	-3094704	-16777216
44	-2897072	-16777216
42	-2764716	-16777216
47	-3092394	-16777216
0	-16777216	-16777216
0	-16777216	-16777216
0	-16777216	-16777216
0	-16777216	-16777216
0	-16777216	-16777216
0	-16777216	-16777216
0	-16777216	-16777216
0	-16777216	-16777216
0	-16777216	-16777216
0	-16777216	-16777216
0	-16777216	-16777216
84	-5539972	-16777216
65	-4296074	-16777216
64	-4232591	-16777216
60	-3970957	-16777216
56	-3708810	-16777216
53	-3511943	-16777216
53	-3512971	-16777216
53	-3512457	-16777216
57	-3774860	-16777216
60	-3971726	-16777216
64	-4234899	-16777216
35	-2329213	-16777216
11	-28506	-16777216
11	-29023	-16777216
11	-747901	-16777216
49	-3232185	-16777216
60	-3954364	-16777216
62	-4084925	-16777216
62	-4084155	-16777216
64	-4214969	-16777216
68	-4477369	-16777216
73	-4806846	-16777216
87	-5793734	-16777216
0	-16777216	-16777216
0	-16777216	-16777216
0	-16777216	-16777216
0	-16777216	-16777216
0	-16777216	-16777216
0	-16777216	-16777216
0	-16777216	-16777216
0	-16777216	-16777216
0	-16777216	-16777216
0	-16777216	-16777216
0	-16777216	-16777216
0	-16777216	-16777216
0	-16777216	-16777216
101	-6986134	-16777216
68	-4493195	-16777216
70	-4626580	-16777216
71	-4693400	-16777216
70	-4628889	-16777216
70	-4629914	-16777216
73	-4827552	-16777216
75	-4959652	-16777216
77	-5090982	-16777216
44	-2920835	-16777216
11	-1081711	-16777216
11	-819310	-16777216
11	-1082228	-16777216
39	-2580119	-16777216
50	-3292849	-16777216
69	-4545214	-16777216
83	-5466825	-16777216
87	-5795276	-16777216
91	-6255570	-16777216
101	-7766986	-16777216
0	-16777216	-16777216
0	-16777216	-16777216
0	-16777216	-16777216
0	-16777216	-16777216
0	-16777216	-16777216
0	-16777216	-16777216
0	-16777216	-16777216
0	-16777216	-16777216
0	-16777216	-16777216
0	-16777216	-16777216
0	-16777216	-16777216
0	-16777216	-16777216
0	-16777216	-16777216
0	-16777216	-16777216
0	-16777216	-16777216
0	-16777216	-16777216
0	-16777216	-16777216
101	-7317671	-16777216
77	-5087132	-16777216
68	-4499875	-16777216
65	-4305838	-16777216
67	-4437939	-16777216
67	-4438965	-16777216
59	-3910565	-16777216
50	-3316881	-16777216
55	-3644307	-16777216
66	-4364958	-16777216
68	-4487345	-16777216
48	-3160237	-16777216
47	-3093674	-16777216
61	-4014515	-16777216
101	-7966168	-16777216
0	-16777216	-16777216
0	-16777216	-16777216
0	-16777216	-16777216
0	-16777216	-16777216
0	-16777216	-16777216
0	-16777216	-16777216
0	-16777216	-16777216
0	-16777216	-16777216
0	-16777216	-16777216
0	-16777216	-16777216
0	-16777216	-16777216
0	-16777216	-16777216
0	-16777216	-16777216
0	-16777216	-16777216
0	-16777216	-16777216
0	-16777216	-16777216
0	-16777216	-16777216
0	-16777216	-16777216
0	-16777216	-16777216
0	-16777216	-16777216
0	-16777216	-16777216
0	-16777216	-16777216
127	-8504006	-16777216
87	-5888469	-16777216
46	-3069130	-16777216
11	-1025694	-16777216
11	-698271	-16777216
27	-1887433	-16777216
68	-4507858	-16777216
85	-5605579	-16777216
62	-4083897	-16777216
48	-3159724	-16777216
47	-3093674	-16777216
63	-4146102	-16777216
135	-11382974	-16777216
191	-12828608	-16777216
0	-16777216	-16777216
0	-16777216	-16777216
0	-16777216	-16777216
0	-16777216	-16777216
0	-16777216	-16777216
0	-16777216	-16777216
0	-16777216	-16777216
0	-16777216	-16777216
0	-16777216	-16777216
0	-16777216	-16777216
0	-16777216	-16777216
0	-16777216	-16777216
0	-16777216	-16777216
0	-16777216	-16777216
0	-16777216	-16777216
0	-16777216	-16777216
0	-16777216	-16777216
0	-16777216	-16777216
0	-16777216	-16777216
0	-16777216	-16777216
0	-16777216	-16777216
54	-3592651	-16777216
11	-579274	-16777216
11	-47532	-16777216
11	-39055	-16777216
11	-46511	-16777216
11	-448468	-16777216
58	-3843028	-16777216
76	-5008069	-16777216
57	-3752625	-16777216
49	-3225260	-16777216
50	-3291054	-16777216
81	-5330359	-16777216
191	-12633569	-16777216
193	-12896738	-16777216
0	-16777216	-16777216
0	-16777216	-16777216
0	-16777216	-16777216
0	-16777216	-16777216
0	-16777216	-16777216
0	-16777216	-16777216
0	-16777216	-16777216
0	-16777216	-16777216
0	-16777216	-16777216
0	-16777216	-16777216
0	-16777216	-16777216
0	-16777216	-16777216
0	-16777216	-16777216
0	-16777216	-16777216
0	-16777216	-16777216
0	-16777216	-16777216
0	-16777216	-16777216
0	-16777216	-16777216
0	-16777216	-16777216
0	-16777216	-16777216
127	-8570055	-16777216
18	-1236948	-16777216
11	-182718	-16777216
11	-45477	-16777216
11	-181433	-16777216
22	-1500377	-16777216
101	-7129817	-16777216
79	-5203890	-16777216
71	-4676799	-16777216
58	-3818419	-16777216
52	-3422892	-16777216
62	-4080565	-16777216
135	-11646940	-16777216
193	-12896994	-16777216
0	-16777216	-16777216
0	-16777216	-16777216
0	-16777216	-16777216
0	-16777216	-16777216
0	-16777216	-16777216
0	-16777216	-16777216
0	-16777216	-16777216
0	-16777216	-16777216
0	-16777216	-16777216
0	-16777216	-16777216
0	-16777216	-16777216
0	-16777216	-16777216
0	-16777216	-16777216
0	-16777216	-16777216
0	-16777216	-16777216
0	-16777216	-16777216
0	-16777216	-16777216
0	-16777216	-16777216
0	-16777216	-16777216
0	-16777216	-16777216
0	-16777216	-16777216
101	-6798013	-16777216
11	-1170898	-16777216
11	-383952	-16777216
11	-975058	-16777216
77	-5104606	-16777216
0	-16777216	-16777216
0	-16777216	-16777216
0	-16777216	-16777216
75	-4939699	-16777216
67	-4411835	-16777216
68	-4476344	-16777216
127	-8818381	-16777216
193	-12831202	-16777216
0	-16777216	-16777216
0	-16777216	-16777216
0	-16777216	-16777216
0	-16777216	-16777216
0	-16777216	-16777216
0	-16777216	-16777216
0	-16777216	-16777216
0	-16777216	-16777216
0	-16777216	-16777216
0	-16777216	-16777216
0	-16777216	-16777216
0	-16777216	-16777216
0	-16777216	-16777216
0	-16777216	-16777216
0	-16777216	-16777216
0	-16777216	-16777216
0	-16777216	-16777216
0	-16777216	-16777216
0	-16777216	-16777216
0	-16777216	-16777216
0	-16777216	-16777216
0	-16777216	-16777216
0	-16777216	-16777216
57	-3787461	-16777216
99	-6543830	-16777216
0	-16777216	-16777216
0	-16777216	-16777216
0	-16777216	-16777216
0	-16777216	-16777216
0	-16777216	-16777216
0	-16777216	-16777216
0	-16777216	-16777216
0	-16777216	-16777216
193	-12897248	-16777216
0	-16777216	-16777216
0	-16777216	-16777216
0	-16777216	-16777216
0	-16777216	-16777216
0	-16777216	-16777216
0	-16777216	-16777216
0	-16777216	-16777216
0	-16777216	-16777216
0	-16777216	-16777216
0	-16777216	-16777216
0	-16777216	-16777216
0	-16777216	-16777216
0	-16777216	-16777216
0	-16777216	-16777216
0	-16777216	-16777216
0	-16777216	-16777216
0	-16777216	-16777216
0	-16777216	-16777216
0	-16777216	-16777216
0	-16777216	-16777216
0	-16777216	-16777216
0	-16777216	-16777216
0	-16777216	-16777216
0	-16777216	-16777216
0	-16777216	-16777216
0	-16777216	-16777216
0	-16777216	-16777216
0	-16777216	-16777216
0	-16777216	-16777216
0	-16777216	-16777216
0	-16777216	-16777216
0	-16777216	-16777216
0	-16777216	-16777216
0	-16777216	-16777216
0	-16777216	-16777216
0	-16777216	-16777216
0	-16777216	-16777216
0	-16777216	-16777216
0	-16777216	-16777216
0	-16777216	-16777216
0	-16777216	-16777216
0	-16777216	-16777216
0	-16777216	-16777216
0	-16777216	-16777216
0	-16777216	-16777216
0	-16777216	-16777216
0	-16777216	-16777216
0	-16777216	-16777216
0	-16777216	-16777216
0	-16777216	-16777216
0	-16777216	-16777216
0	-16777216	-16777216
0	-16777216	-16777216
0	-16777216	-16777216
0	-16777216	-16777216
0	-16777216	-16777216
0	-16777216	-16777216
0	-16777216	-16777216
0	-16777216	-16777216
0	-16777216	-16777216
0	-16777216	-16777216
0	-16777216	-16777216
0	-16777216	-16777216
0	-16777216	-16777216
0	-16777216	-16777216
0	-16777216	-16777216
0	-16777216	-16777216
0	-16777216	-16777216
0	-16777216	-16777216
0	-16777216	-16777216
0	-16777216	-16777216
0	-16777216	-16777216
0	-16777216	-16777216
0	-16777216	-16777216
0	-16777216	-16777216
0	-16777216	-16777216
0	-16777216	-16777216
0	-16777216	-16777216
0	-16777216	-16777216
0	-16777216	-16777216
0	-16777216	-16777216
0	-16777216	-16777216
0	-16777216	-16777216
0	-16777216	-16777216
0	-16777216	-16777216
0	-16777216	-16777216
0	-16777216	-16777216
0	-16777216	-16777216
0	-16777216	-16777216
0	-16777216	-16777216
0	-16777216	-16777216
0	-16777216	-16777216
0	-16777216	-16777216
0	-16777216	-16777216
0	-16777216	-16777216
0	-16777216	-16777216
0	-16777216	-16777216
0	-16777216	-16777216
0	-16777216	-16777216
0	-16777216	-16777216
0	-16777216	-16777216
0	-16777216	-16777216
0	-16777216	-16777216
0	-16777216	-16777216
0	-16777216	-16777216
0	-16777216	-16777216
0	-16777216	-16777216
0	-16777216	-16777216
0	-16777216	-16777216
0	-16777216	-16777216
0	-16777216	-16777216
0	-16777216	-16777216
0	-16777216	-16777216
0	-16777216	-16777216
0	-16777216	-16777216
0	-16777216	-16777216
0	-16777216	-16777216
0	-16777216	-16777216
0	-16777216	-16777216
0	-16777216	-16777216
0	-16777216	-16777216
0	-16777216	-16777216
0	-16777216	-16777216
0	-16777216	-16777216
0	-16777216	-16777216
0	-16777216	-16777216
0	-16777216	-16777216
0	-16777216	-16777216
0	-16777216	-16777216
0	-16777216	-16777216
0	-16777216	-16777216
0	-16777216	-16777216
0	-16777216	-16777216
0	-16777216	-16777216
0	-16777216	-16777216
0	-16777216	-16777216
0	-16777216	-16777216
0	-16777216	-16777216
0	-16777216	-16777216
0	-16777216	-16777216
0	-16777216	-16777216
0	-16777216	-16777216
0	-16777216	-16777216
0	-16777216	-16777216
0	-16777216	-16777216
0	-16777216	-16777216
0	-16777216	-16777216
0	-16777216	-16777216
0	-16777216	-16777216
0	-16777216	-16777216
0	-16777216	-16777216
0	-16777216	-16777216
0	-16777216	-16777216
0	-16777216	-16777216
0	-16777216	-16777216
0	-16777216	-16777216
0	-16777216	-16777216
0	-16777216	-16777216
0	-16777216	-16777216
0	-16777216	-16777216
0	-16777216	-16777216
0	-16777216	-16777216
0	-16777216	-16777216
0	-16777216	-16777216
0	-16777216	-16777216
0	-16777216	-16777216
0	-16777216	-16777216
0	-16777216	-16777216
0	-16777216	-16777216
0	-16777216	-16777216
0	-16777216	-16777216
0	-16777216	-16777216
0	-16777216	-16777216
0	-16777216	-16777216
0	-16777216	-16777216
0	-16777216	-16777216
0	-16777216	-16777216
0	-16777216	-16777216
0	-16777216	-16777216
0	-16777216	-16777216
0	-16777216	-16777216
0	-16777216	-16777216
0	-16777216	-16777216
0	-16777216	-16777216
0	-16777216	-16777216
0	-16777216	-16777216
0	-16777216	-16777216
0	-16777216	-16777216
