15
15
0	-16777216	-16777216
0	-16777216	-16777216
0	-16777216	-16777216
0	-16777216	-16777216
0	-16777216	-16777216
0	-16777216	-16777216
0	-16777216	-16777216
0	-16777216	-16777216
0	-16777216	-16777216
0	-16777216	-16777216
0	-16777216	-16777216
0	-16777216	-16777216
0	-16777216	-16777216
0	-16777216	-16777216
0	-16777216	-16777216
0	-16777216	-16777216
0	-16777216	-16777216
0	-16777216	-16777216
0	-16777216	-16777216
0	-16777216	-16777216
0	-16777216	-16777216
0	-16777216	-16777216
0	-16777216	-16777216
0	-16777216	-16777216
0	-16777216	-16777216
0	-16777216	-16777216
0	-16777216	-16777216
0	-16777216	-16777216
0	-16777216	-16777216
0	-16777216	-16777216
0	-16777216	-16777216
0	-16777216	-16777216
0	-16777216	-16777216
0	-16777216	-16777216
0	-16777216	-16777216
0	-16777216	-16777216
0	-16777216	-16777216
0	-16777216	-16777216
0	-16777216	-16777216
0	-16777216	-16777216
0	-16777216	-16777216
0	-16777216	-16777216
0	-16777216	-16777216
0	-16777216	-16777216
0	-16777216	-16777216
0	-16777216	-16777216
0	-16777216	-16777216
0	-16777216	-16777216
11	-619612	-16777216
81	-5346439	-16777216
0	-16777216	-16777216
0	-16777216	-16777216
0	-16777216	-16777216
0	-16777216	-16777216
11	-1120158	-16777216
11	-460145	-16777216
0	-16777216	-16777216
0	-16777216	-16777216
0	-16777216	-16777216
0	-16777216	-16777216
0	-16777216	-16777216
0	-16777216	-16777216
0	-16777216	-16777216
11	-228966	-16777216
11	-24135	-16777216
11	-26710	-16777216
11	-598410	-16777216
27	-1881534	-16777216
11	-308428	-16777216
11	-1122209	-16777216
11	-921738	-16777216
0	-16777216	-16777216
0	-16777216	-16777216
0	-16777216	-16777216
0	-16777216	-16777216
0	-16777216	-16777216
0	-16777216	-16777216
0	-16777216	-16777216
11	-29016	-16777216
11	-26959	-16777216
11	-24133	-16777216
11	-31329	-16777216
31	-2078643	-16777216
31	-2081231	-16777216
11	-801187	-16777216
18	-1317021	-16777216
50	-3294904	-16777216
0	-16777216	-16777216
0	-16777216	-16777216
0	-16777216	-16777216
0	-16777216	-16777216
0	-16777216	-16777216
11	-228450	-16777216
11	-29784	-16777216
11	-945235	-16777216
52	-4999733	-16777216
11	-89930	-16777216
11	-161633	-16777216
70	-4633539	-16777216
39	-2582964	-16777216
11	-460144	-16777216
35	-2371496	-16777216
0	-16777216	-16777216
0	-16777216	-16777216
0	-16777216	-16777216
0	-16777216	-16777216
0	-16777216	-16777216
11	-1015915	-16777216
11	-228454	-16777216
59	-3893846	-16777216
11	-1013601	-16777216
23	-1678973	-16777216
11	-161895	-16777216
37	-2522513	-16777216
27	-1846692	-16777216
18	-1317019	-16777216
11	-524875	-16777216
0	-16777216	-16777216
0	-16777216	-16777216
0	-16777216	-16777216
0	-16777216	-16777216
0	-16777216	-16777216
46	-3050624	-16777216
22	-1476468	-16777216
18	-1279087	-16777216
32	-2132596	-16777216
11	-1149040	-16777216
23	-1607286	-16777216
27	-1793454	-16777216
32	-2113198	-16777216
35	-2305448	-16777216
30	-1974692	-16777216
18	-1381531	-16777216
0	-16777216	-16777216
0	-16777216	-16777216
0	-16777216	-16777216
0	-16777216	-16777216
101	-8232861	-16777216
61	-4035981	-16777216
49	-3249028	-16777216
47	-3120779	-16777216
51	-3381128	-16777216
49	-3249289	-16777216
11	-28256	-16777216
53	-3494842	-16777216
58	-3820473	-16777216
59	-3884979	-16777216
87	-5923505	-16777216
0	-16777216	-16777216
0	-16777216	-16777216
0	-16777216	-16777216
0	-16777216	-16777216
0	-16777216	-16777216
0	-16777216	-16777216
77	-5087132	-16777216
65	-4306096	-16777216
62	-4109742	-16777216
55	-3644307	-16777216
60	-3955636	-16777216
52	-3422637	-16777216
135	-10530272	-16777216
135	-13682109	-16777216
0	-16777216	-16777216
0	-16777216	-16777216
0	-16777216	-16777216
0	-16777216	-16777216
0	-16777216	-16777216
0	-16777216	-16777216
0	-16777216	-16777216
0	-16777216	-16777216
11	-117694	-16777216
11	-112047	-16777216
73	-4817610	-16777216
53	-3489455	-16777216
72	-4738231	-16777216
0	-16777216	-16777216
0	-16777216	-16777216
0	-16777216	-16777216
0	-16777216	-16777216
0	-16777216	-16777216
0	-16777216	-16777216
0	-16777216	-16777216
0	-16777216	-16777216
0	-16777216	-16777216
101	-7582648	-16777216
51	-3399121	-16777216
135	-12176854	-16777216
135	-12307161	-16777216
91	-6188487	-16777216
0	-16777216	-16777216
0	-16777216	-16777216
0	-16777216	-16777216
0	-16777216	-16777216
0	-16777216	-16777216
0	-16777216	-16777216
0	-16777216	-16777216
0	-16777216	-16777216
0	-16777216	-16777216
0	-16777216	-16777216
0	-16777216	-16777216
0	-16777216	-16777216
0	-16777216	-16777216
0	-16777216	-16777216
0	-16777216	-16777216
0	-16777216	-16777216
0	-16777216	-16777216
0	-16777216	-16777216
0	-16777216	-16777216
0	-16777216	-16777216
0	-16777216	-16777216
0	-16777216	-16777216
0	-16777216	-16777216
0	-16777216	-16777216
0	-16777216	-16777216
0	-16777216	-16777216
0	-16777216	-16777216
0	-16777216	-16777216
0	-16777216	-16777216
0	-16777216	-16777216
0	-16777216	-16777216
0	-16777216	-16777216
0	-16777216	-16777216
0	-16777216	-16777216
0	-16777216	-16777216
0	-16777216	-16777216
