25
25
0	-16777216	-16777216
0	-16777216	-16777216
0	-16777216	-16777216
0	-16777216	-16777216
0	-16777216	-16777216
0	-16777216	-16777216
0	-16777216	-16777216
0	-16777216	-16777216
0	-16777216	-16777216
0	-16777216	-16777216
0	-16777216	-16777216
0	-16777216	-16777216
0	-16777216	-16777216
0	-16777216	-16777216
0	-16777216	-16777216
0	-16777216	-16777216
0	-16777216	-16777216
0	-16777216	-16777216
0	-16777216	-16777216
0	-16777216	-16777216
0	-16777216	-16777216
0	-16777216	-16777216
0	-16777216	-16777216
0	-16777216	-16777216
0	-16777216	-16777216
0	-16777216	-16777216
0	-16777216	-16777216
0	-16777216	-16777216
0	-16777216	-16777216
0	-16777216	-16777216
0	-16777216	-16777216
0	-16777216	-16777216
0	-16777216	-16777216
0	-16777216	-16777216
0	-16777216	-16777216
0	-16777216	-16777216
0	-16777216	-16777216
0	-16777216	-16777216
0	-16777216	-16777216
0	-16777216	-16777216
0	-16777216	-16777216
0	-16777216	-16777216
0	-16777216	-16777216
0	-16777216	-16777216
0	-16777216	-16777216
0	-16777216	-16777216
0	-16777216	-16777216
0	-16777216	-16777216
0	-16777216	-16777216
0	-16777216	-16777216
0	-16777216	-16777216
0	-16777216	-16777216
0	-16777216	-16777216
0	-16777216	-16777216
0	-16777216	-16777216
0	-16777216	-16777216
0	-16777216	-16777216
0	-16777216	-16777216
0	-16777216	-16777216
0	-16777216	-16777216
0	-16777216	-16777216
0	-16777216	-16777216
0	-16777216	-16777216
0	-16777216	-16777216
0	-16777216	-16777216
0	-16777216	-16777216
0	-16777216	-16777216
0	-16777216	-16777216
0	-16777216	-16777216
0	-16777216	-16777216
0	-16777216	-16777216
0	-16777216	-16777216
0	-16777216	-16777216
0	-16777216	-16777216
0	-16777216	-16777216
0	-16777216	-16777216
0	-16777216	-16777216
0	-16777216	-16777216
0	-16777216	-16777216
0	-16777216	-16777216
0	-16777216	-16777216
0	-16777216	-16777216
0	-16777216	-16777216
0	-16777216	-16777216
0	-16777216	-16777216
0	-16777216	-16777216
0	-16777216	-16777216
0	-16777216	-16777216
0	-16777216	-16777216
0	-16777216	-16777216
0	-16777216	-16777216
0	-16777216	-16777216
0	-16777216	-16777216
0	-16777216	-16777216
0	-16777216	-16777216
0	-16777216	-16777216
0	-16777216	-16777216
0	-16777216	-16777216
0	-16777216	-16777216
0	-16777216	-16777216
0	-16777216	-16777216
0	-16777216	-16777216
0	-16777216	-16777216
0	-16777216	-16777216
0	-16777216	-16777216
0	-16777216	-16777216
0	-16777216	-16777216
0	-16777216	-16777216
0	-16777216	-16777216
0	-16777216	-16777216
0	-16777216	-16777216
0	-16777216	-16777216
0	-16777216	-16777216
0	-16777216	-16777216
0	-16777216	-16777216
0	-16777216	-16777216
0	-16777216	-16777216
0	-16777216	-16777216
0	-16777216	-16777216
0	-16777216	-16777216
0	-16777216	-16777216
0	-16777216	-16777216
0	-16777216	-16777216
0	-16777216	-16777216
0	-16777216	-16777216
0	-16777216	-16777216
0	-16777216	-16777216
0	-16777216	-16777216
0	-16777216	-16777216
0	-16777216	-16777216
0	-16777216	-16777216
101	-7382172	-16777216
0	-16777216	-16777216
0	-16777216	-16777216
0	-16777216	-16777216
0	-16777216	-16777216
0	-16777216	-16777216
0	-16777216	-16777216
0	-16777216	-16777216
0	-16777216	-16777216
78	-5133485	-16777216
11	-987545	-16777216
11	-460420	-16777216
101	-7631271	-16777216
0	-16777216	-16777216
0	-16777216	-16777216
0	-16777216	-16777216
0	-16777216	-16777216
0	-16777216	-16777216
0	-16777216	-16777216
0	-16777216	-16777216
0	-16777216	-16777216
0	-16777216	-16777216
0	-16777216	-16777216
0	-16777216	-16777216
11	-30300	-16777216
11	-21822	-16777216
11	-25420	-16777216
58	-3836028	-16777216
44	-2897052	-16777216
11	-987539	-16777216
39	-2567069	-16777216
87	-5736627	-16777216
32	-2143174	-16777216
23	-1515682	-16777216
18	-1186718	-16777216
11	-988828	-16777216
11	-460125	-16777216
18	-1381259	-16777216
0	-16777216	-16777216
0	-16777216	-16777216
0	-16777216	-16777216
0	-16777216	-16777216
0	-16777216	-16777216
0	-16777216	-16777216
0	-16777216	-16777216
0	-16777216	-16777216
0	-16777216	-16777216
0	-16777216	-16777216
0	-16777216	-16777216
11	-689518	-16777216
11	-28247	-16777216
11	-24135	-16777216
11	-25677	-16777216
11	-415079	-16777216
11	-603008	-16777216
11	-594581	-16777216
27	-1881534	-16777216
11	-234386	-16777216
11	-685752	-16777216
11	-1122722	-16777216
11	-1121436	-16777216
11	-921738	-16777216
23	-1644699	-16777216
0	-16777216	-16777216
0	-16777216	-16777216
0	-16777216	-16777216
0	-16777216	-16777216
0	-16777216	-16777216
0	-16777216	-16777216
0	-16777216	-16777216
0	-16777216	-16777216
0	-16777216	-16777216
0	-16777216	-16777216
0	-16777216	-16777216
23	-1609340	-16777216
11	-29275	-16777216
11	-26703	-16777216
11	-26703	-16777216
11	-26189	-16777216
11	-27217	-16777216
11	-161894	-16777216
30	-2012851	-16777216
27	-1820109	-16777216
11	-640469	-16777216
11	-866722	-16777216
11	-1056926	-16777216
18	-1185433	-16777216
27	-1776539	-16777216
0	-16777216	-16777216
0	-16777216	-16777216
0	-16777216	-16777216
0	-16777216	-16777216
0	-16777216	-16777216
0	-16777216	-16777216
0	-16777216	-16777216
0	-16777216	-16777216
0	-16777216	-16777216
0	-16777216	-16777216
23	-1605225	-16777216
11	-29273	-16777216
11	-27988	-16777216
11	-26701	-16777216
11	-24133	-16777216
11	-23619	-16777216
11	-32358	-16777216
11	-28503	-16777216
35	-2406324	-16777216
51	-3390659	-16777216
35	-2343121	-16777216
18	-1352902	-16777216
11	-1057183	-16777216
18	-1317021	-16777216
29	-1908382	-16777216
59	-3886254	-16777216
0	-16777216	-16777216
0	-16777216	-16777216
0	-16777216	-16777216
0	-16777216	-16777216
0	-16777216	-16777216
0	-16777216	-16777216
0	-16777216	-16777216
0	-16777216	-16777216
101	-8104095	-16777216
11	-31327	-16777216
11	-30041	-16777216
11	-29013	-16777216
53	-3498572	-16777216
11	-3940618	-16777216
49	-5656114	-16777216
11	-941126	-16777216
11	-26706	-16777216
11	-754799	-16777216
55	-3652029	-16777216
72	-4765642	-16777216
43	-2858441	-16777216
11	-924567	-16777216
11	-394600	-16777216
11	-920977	-16777216
0	-16777216	-16777216
0	-16777216	-16777216
0	-16777216	-16777216
0	-16777216	-16777216
0	-16777216	-16777216
0	-16777216	-16777216
0	-16777216	-16777216
0	-16777216	-16777216
0	-16777216	-16777216
42	-2787189	-16777216
11	-162916	-16777216
11	-31072	-16777216
11	-29786	-16777216
11	-28244	-16777216
11	-24907	-16777216
11	-218945	-16777216
11	-90186	-16777216
11	-159836	-16777216
11	-29279	-16777216
41	-2724496	-16777216
73	-4826311	-16777216
52	-3434686	-16777216
11	-1055384	-16777216
11	-659082	-16777216
11	-460151	-16777216
11	-1117842	-16777216
0	-16777216	-16777216
0	-16777216	-16777216
0	-16777216	-16777216
0	-16777216	-16777216
0	-16777216	-16777216
0	-16777216	-16777216
0	-16777216	-16777216
0	-16777216	-16777216
35	-2327411	-16777216
11	-818794	-16777216
11	-293991	-16777216
11	-490597	-16777216
59	-3893846	-16777216
54	-3574646	-16777216
11	-225883	-16777216
11	-227939	-16777216
11	-496245	-16777216
11	-161895	-16777216
11	-684654	-16777216
68	-4493001	-16777216
33	-2242987	-16777216
23	-1581471	-16777216
18	-1317019	-16777216
11	-921478	-16777216
11	-459355	-16777216
47	-3682174	-16777216
0	-16777216	-16777216
0	-16777216	-16777216
0	-16777216	-16777216
0	-16777216	-16777216
0	-16777216	-16777216
0	-16777216	-16777216
0	-16777216	-16777216
57	-3770751	-16777216
23	-1672819	-16777216
11	-1016685	-16777216
11	-1081708	-16777216
87	-5802103	-16777216
135	-9878702	-16777216
67	-12233540	-16777216
11	-820077	-16777216
11	-819307	-16777216
11	-1081712	-16777216
18	-1407354	-16777216
33	-2185141	-16777216
32	-2112172	-16777216
31	-2043302	-16777216
29	-1910436	-16777216
23	-1711521	-16777216
18	-1250452	-16777216
11	-1052561	-16777216
0	-16777216	-16777216
0	-16777216	-16777216
0	-16777216	-16777216
0	-16777216	-16777216
0	-16777216	-16777216
0	-16777216	-16777216
0	-16777216	-16777216
99	-6591376	-16777216
47	-3116930	-16777216
29	-1936761	-16777216
23	-1542261	-16777216
18	-1345395	-16777216
23	-1542259	-16777216
18	-1414271	-16777216
18	-1411188	-16777216
22	-1476981	-16777216
27	-1870201	-16777216
33	-2261383	-16777216
18	-1331123	-16777216
29	-1918639	-16777216
37	-2505389	-16777216
39	-2568875	-16777216
35	-2370217	-16777216
31	-2040743	-16777216
23	-1579168	-16777216
0	-16777216	-16777216
0	-16777216	-16777216
0	-16777216	-16777216
0	-16777216	-16777216
0	-16777216	-16777216
0	-16777216	-16777216
0	-16777216	-16777216
0	-16777216	-16777216
62	-4097151	-16777216
58	-3839113	-16777216
45	-2986883	-16777216
39	-2592638	-16777216
37	-2463875	-16777216
39	-2595975	-16777216
40	-2658689	-16777216
42	-2790274	-16777216
47	-3117959	-16777216
11	-224347	-16777216
11	-222833	-16777216
40	-2642872	-16777216
50	-3295926	-16777216
51	-3359669	-16777216
50	-3292851	-16777216
48	-3160497	-16777216
48	-3159470	-16777216
0	-16777216	-16777216
0	-16777216	-16777216
0	-16777216	-16777216
0	-16777216	-16777216
0	-16777216	-16777216
0	-16777216	-16777216
0	-16777216	-16777216
0	-16777216	-16777216
0	-16777216	-16777216
68	-4491654	-16777216
69	-4560787	-16777216
67	-4430995	-16777216
63	-4169361	-16777216
66	-4366484	-16777216
70	-4629913	-16777216
72	-4760988	-16777216
11	-818539	-16777216
11	-227943	-16777216
11	-1145976	-16777216
54	-3558326	-16777216
72	-4743106	-16777216
76	-5006021	-16777216
83	-5465799	-16777216
101	-6911942	-16777216
135	-12891813	-16777216
0	-16777216	-16777216
0	-16777216	-16777216
0	-16777216	-16777216
0	-16777216	-16777216
0	-16777216	-16777216
0	-16777216	-16777216
0	-16777216	-16777216
0	-16777216	-16777216
0	-16777216	-16777216
0	-16777216	-16777216
127	-8564397	-16777216
77	-5087132	-16777216
66	-4370089	-16777216
66	-4372145	-16777216
66	-4373172	-16777216
52	-3448724	-16777216
55	-3644307	-16777216
70	-4625574	-16777216
50	-3292591	-16777216
47	-3093931	-16777216
91	-6123210	-16777216
135	-10530272	-16777216
135	-12631233	-16777216
193	-14011076	-16777216
0	-16777216	-16777216
0	-16777216	-16777216
0	-16777216	-16777216
0	-16777216	-16777216
0	-16777216	-16777216
0	-16777216	-16777216
0	-16777216	-16777216
0	-16777216	-16777216
0	-16777216	-16777216
0	-16777216	-16777216
0	-16777216	-16777216
0	-16777216	-16777216
0	-16777216	-16777216
79	-5231825	-16777216
18	-1232835	-16777216
11	-103564	-16777216
11	-245689	-16777216
42	-2803414	-16777216
73	-4810690	-16777216
49	-3225518	-16777216
50	-3290540	-16777216
135	-8883401	-16777216
193	-12829910	-16777216
0	-16777216	-16777216
0	-16777216	-16777216
0	-16777216	-16777216
0	-16777216	-16777216
0	-16777216	-16777216
0	-16777216	-16777216
0	-16777216	-16777216
0	-16777216	-16777216
0	-16777216	-16777216
0	-16777216	-16777216
0	-16777216	-16777216
0	-16777216	-16777216
0	-16777216	-16777216
0	-16777216	-16777216
0	-16777216	-16777216
11	-580301	-16777216
11	-45477	-16777216
11	-114870	-16777216
35	-2417887	-16777216
76	-5007799	-16777216
65	-4279992	-16777216
52	-3422637	-16777216
62	-4080821	-16777216
0	-16777216	-16777216
0	-16777216	-16777216
0	-16777216	-16777216
0	-16777216	-16777216
0	-16777216	-16777216
0	-16777216	-16777216
0	-16777216	-16777216
0	-16777216	-16777216
0	-16777216	-16777216
0	-16777216	-16777216
0	-16777216	-16777216
0	-16777216	-16777216
0	-16777216	-16777216
0	-16777216	-16777216
0	-16777216	-16777216
0	-16777216	-16777216
101	-6666171	-16777216
11	-778450	-16777216
18	-1304278	-16777216
0	-16777216	-16777216
0	-16777216	-16777216
0	-16777216	-16777216
73	-4873397	-16777216
72	-4739772	-16777216
0	-16777216	-16777216
0	-16777216	-16777216
0	-16777216	-16777216
0	-16777216	-16777216
0	-16777216	-16777216
0	-16777216	-16777216
0	-16777216	-16777216
0	-16777216	-16777216
0	-16777216	-16777216
0	-16777216	-16777216
0	-16777216	-16777216
0	-16777216	-16777216
0	-16777216	-16777216
0	-16777216	-16777216
0	-16777216	-16777216
0	-16777216	-16777216
0	-16777216	-16777216
0	-16777216	-16777216
0	-16777216	-16777216
0	-16777216	-16777216
0	-16777216	-16777216
0	-16777216	-16777216
0	-16777216	-16777216
0	-16777216	-16777216
0	-16777216	-16777216
0	-16777216	-16777216
0	-16777216	-16777216
0	-16777216	-16777216
0	-16777216	-16777216
0	-16777216	-16777216
0	-16777216	-16777216
0	-16777216	-16777216
0	-16777216	-16777216
0	-16777216	-16777216
0	-16777216	-16777216
0	-16777216	-16777216
0	-16777216	-16777216
0	-16777216	-16777216
0	-16777216	-16777216
0	-16777216	-16777216
0	-16777216	-16777216
0	-16777216	-16777216
0	-16777216	-16777216
0	-16777216	-16777216
0	-16777216	-16777216
0	-16777216	-16777216
0	-16777216	-16777216
0	-16777216	-16777216
0	-16777216	-16777216
0	-16777216	-16777216
0	-16777216	-16777216
0	-16777216	-16777216
0	-16777216	-16777216
0	-16777216	-16777216
0	-16777216	-16777216
0	-16777216	-16777216
0	-16777216	-16777216
0	-16777216	-16777216
0	-16777216	-16777216
0	-16777216	-16777216
0	-16777216	-16777216
0	-16777216	-16777216
0	-16777216	-16777216
0	-16777216	-16777216
0	-16777216	-16777216
0	-16777216	-16777216
0	-16777216	-16777216
0	-16777216	-16777216
0	-16777216	-16777216
0	-16777216	-16777216
0	-16777216	-16777216
0	-16777216	-16777216
0	-16777216	-16777216
0	-16777216	-16777216
0	-16777216	-16777216
0	-16777216	-16777216
0	-16777216	-16777216
0	-16777216	-16777216
0	-16777216	-16777216
0	-16777216	-16777216
0	-16777216	-16777216
0	-16777216	-16777216
0	-16777216	-16777216
0	-16777216	-16777216
0	-16777216	-16777216
0	-16777216	-16777216
0	-16777216	-16777216
0	-16777216	-16777216
0	-16777216	-16777216
0	-16777216	-16777216
0	-16777216	-16777216
0	-16777216	-16777216
0	-16777216	-16777216
0	-16777216	-16777216
0	-16777216	-16777216
0	-16777216	-16777216
0	-16777216	-16777216
0	-16777216	-16777216
0	-16777216	-16777216
0	-16777216	-16777216
0	-16777216	-16777216
0	-16777216	-16777216
0	-16777216	-16777216
0	-16777216	-16777216
0	-16777216	-16777216
0	-16777216	-16777216
0	-16777216	-16777216
0	-16777216	-16777216
0	-16777216	-16777216
0	-16777216	-16777216
