20
20
0	-16777216	-16777216
0	-16777216	-16777216
0	-16777216	-16777216
0	-16777216	-16777216
0	-16777216	-16777216
0	-16777216	-16777216
0	-16777216	-16777216
0	-16777216	-16777216
0	-16777216	-16777216
0	-16777216	-16777216
0	-4144960	-16777216
0	-16777216	-16777216
0	-16777216	-16777216
0	-16777216	-16777216
0	-4144960	-16777216
0	-4144960	-16777216
0	-16777216	-16777216
0	-4144960	-16777216
0	-4144960	-16777216
0	-4144960	-16777216
0	-16777216	-16777216
0	-16777216	-16777216
0	-16777216	-16777216
0	-16777216	-16777216
0	-16777216	-16777216
0	-16777216	-16777216
0	-16777216	-16777216
0	-16777216	-16777216
0	-16777216	-16777216
0	-16777216	-16777216
0	-16777216	-16777216
0	-16777216	-16777216
0	-16777216	-16777216
0	-16777216	-16777216
0	-16777216	-16777216
0	-16777216	-16777216
0	-16777216	-16777216
0	-16777216	-16777216
0	-4144960	-16777216
0	-16777216	-16777216
0	-16777216	-16777216
0	-16777216	-16777216
0	-16777216	-16777216
0	-16777216	-16777216
0	-16777216	-16777216
0	-16777216	-16777216
0	-16777216	-16777216
0	-16777216	-16777216
0	-16777216	-16777216
0	-16777216	-16777216
0	-16777216	-16777216
0	-16777216	-16777216
0	-16777216	-16777216
0	-16777216	-16777216
0	-16777216	-16777216
0	-16777216	-16777216
0	-16777216	-16777216
0	-16777216	-16777216
0	-4144960	-16777216
0	-16777216	-16777216
0	-16777216	-16777216
0	-16777216	-16777216
0	-16777216	-16777216
0	-16777216	-16777216
0	-16777216	-16777216
0	-16777216	-16777216
0	-16777216	-16777216
0	-16777216	-16777216
0	-16777216	-16777216
0	-16777216	-16777216
0	-16777216	-16777216
0	-16777216	-16777216
0	-16777216	-16777216
0	-16777216	-16777216
0	-16777216	-16777216
0	-16777216	-16777216
0	-16777216	-16777216
0	-16777216	-16777216
0	-4144960	-16777216
0	-16777216	-16777216
0	-16777216	-16777216
0	-16777216	-16777216
0	-16777216	-16777216
0	-16777216	-16777216
91	-6265999	-16777216
76	-5017986	-16777216
0	-16777216	-16777216
0	-16777216	-16777216
0	-16777216	-16777216
0	-16777216	-16777216
0	-16777216	-16777216
0	-16777216	-16777216
43	-2830500	-16777216
11	-724628	-16777216
18	-1447311	-16777216
0	-16777216	-16777216
0	-16777216	-16777216
0	-16777216	-16777216
0	-16777216	-16777216
0	-16777216	-16777216
0	-16777216	-16777216
0	-16777216	-16777216
0	-16777216	-16777216
0	-16777216	-16777216
11	-31071	-16777216
11	-20538	-16777216
11	-26449	-16777216
23	-1648278	-16777216
11	-724626	-16777216
11	-592786	-16777216
11	-113085	-16777216
18	-1258151	-16777216
11	-1121696	-16777216
11	-791702	-16777216
11	-920972	-16777216
0	-4144960	-16777216
0	-16777216	-16777216
0	-16777216	-16777216
0	-16777216	-16777216
0	-16777216	-16777216
0	-16777216	-16777216
0	-16777216	-16777216
0	-16777216	-16777216
0	-16777216	-16777216
11	-1150070	-16777216
11	-29275	-16777216
11	-25676	-16777216
11	-26961	-16777216
11	-27733	-16777216
11	-809357	-16777216
23	-1754316	-16777216
11	-377296	-16777216
11	-992417	-16777216
11	-1121178	-16777216
18	-1381786	-16777216
0	-4144960	-16777216
0	-4144960	-16777216
0	-16777216	-16777216
0	-16777216	-16777216
0	-16777216	-16777216
0	-16777216	-16777216
0	-16777216	-16777216
0	-16777216	-16777216
81	-5412488	-16777216
11	-29273	-16777216
11	-27730	-16777216
11	-25417	-16777216
11	-23876	-16777216
11	-32614	-16777216
11	-690805	-16777216
41	-2734779	-16777216
33	-2212048	-16777216
11	-1145784	-16777216
18	-1187230	-16777216
23	-1513886	-16777216
56	-3689139	-16777216
0	-4144960	-16777216
0	-4144960	-16777216
0	-16777216	-16777216
0	-16777216	-16777216
0	-16777216	-16777216
0	-16777216	-16777216
0	-16777216	-16777216
11	-97121	-16777216
11	-29785	-16777216
11	-28499	-16777216
37	-4537382	-16777216
49	-5327410	-16777216
18	-1400390	-16777216
11	-27734	-16777216
58	-3847603	-16777216
73	-4830664	-16777216
43	-2853569	-16777216
11	-725384	-16777216
11	-525957	-16777216
51	-3360180	-16777216
0	-4144960	-16777216
0	-4144960	-16777216
0	-16777216	-16777216
0	-16777216	-16777216
0	-16777216	-16777216
0	-16777216	-16777216
101	-7118743	-16777216
11	-490598	-16777216
11	-31330	-16777216
11	-29530	-16777216
11	-27732	-16777216
11	-26190	-16777216
11	-357212	-16777216
11	-161634	-16777216
11	-161382	-16777216
77	-5086919	-16777216
37	-2507440	-16777216
11	-1054871	-16777216
11	-658305	-16777216
11	-657286	-16777216
0	-4144960	-16777216
0	-4144960	-16777216
0	-16777216	-16777216
0	-16777216	-16777216
0	-16777216	-16777216
0	-16777216	-16777216
101	-7183767	-16777216
18	-1344623	-16777216
11	-687978	-16777216
81	-5342322	-16777216
64	-6313281	-16777216
87	-10397785	-16777216
11	-689516	-16777216
11	-556136	-16777216
11	-1014641	-16777216
37	-2452391	-16777216
31	-2045354	-16777216
27	-1779107	-16777216
23	-1580191	-16777216
11	-920954	-16777216
23	-1906820	-16777216
0	-4144960	-16777216
0	-4144960	-16777216
0	-4144960	-16777216
0	-16777216	-16777216
0	-16777216	-16777216
0	-16777216	-16777216
46	-3050881	-16777216
23	-1739639	-16777216
18	-1345138	-16777216
18	-1410673	-16777216
18	-1412728	-16777216
18	-1280114	-16777216
22	-1476725	-16777216
30	-2000509	-16777216
22	-1462965	-16777216
31	-2049199	-16777216
37	-2504107	-16777216
35	-2370472	-16777216
30	-1974950	-16777216
22	-1447582	-16777216
0	-4144960	-16777216
0	-16777216	-16777216
0	-16777216	-16777216
0	-16777216	-16777216
0	-16777216	-16777216
0	-16777216	-16777216
73	-4817792	-16777216
59	-3904651	-16777216
46	-3052676	-16777216
41	-2723967	-16777216
41	-2726791	-16777216
43	-2855811	-16777216
49	-3249288	-16777216
11	-1080172	-16777216
11	-93030	-16777216
46	-3036089	-16777216
53	-3492279	-16777216
54	-3556277	-16777216
52	-3423921	-16777216
57	-3752372	-16777216
0	-4144960	-16777216
0	-16777216	-16777216
0	-16777216	-16777216
0	-16777216	-16777216
0	-16777216	-16777216
0	-16777216	-16777216
0	-16777216	-16777216
99	-6526869	-16777216
71	-4692373	-16777216
71	-4694683	-16777216
72	-4762273	-16777216
75	-4960424	-16777216
35	-2329468	-16777216
11	-1016433	-16777216
37	-2455180	-16777216
55	-3621554	-16777216
85	-5664203	-16777216
101	-6715859	-16777216
135	-10855352	-16777216
135	-14206906	-16777216
0	-16777216	-16777216
0	-16777216	-16777216
0	-16777216	-16777216
0	-16777216	-16777216
0	-16777216	-16777216
0	-16777216	-16777216
0	-16777216	-16777216
0	-16777216	-16777216
0	-16777216	-16777216
0	-16777216	-16777216
75	-4971219	-16777216
18	-1352089	-16777216
45	-3001289	-16777216
87	-5936845	-16777216
51	-3357871	-16777216
49	-3225004	-16777216
135	-11251650	-16777216
193	-13288898	-16777216
0	-16777216	-16777216
0	-16777216	-16777216
0	-16777216	-16777216
0	-16777216	-16777216
0	-16777216	-16777216
0	-16777216	-16777216
0	-16777216	-16777216
0	-16777216	-16777216
0	-16777216	-16777216
0	-16777216	-16777216
0	-16777216	-16777216
29	-1956046	-16777216
11	-47790	-16777216
11	-113587	-16777216
57	-3786198	-16777216
75	-4940738	-16777216
52	-3423150	-16777216
65	-4278197	-16777216
193	-12831202	-16777216
0	-16777216	-16777216
0	-16777216	-16777216
0	-16777216	-16777216
0	-16777216	-16777216
0	-16777216	-16777216
0	-16777216	-16777216
0	-16777216	-16777216
0	-16777216	-16777216
0	-16777216	-16777216
0	-16777216	-16777216
0	-16777216	-16777216
0	-16777216	-16777216
23	-1628881	-16777216
32	-2155477	-16777216
135	-10998489	-16777216
135	-12307417	-16777216
101	-8162498	-16777216
78	-5135298	-16777216
191	-12633824	-16777216
0	-16777216	-16777216
0	-16777216	-16777216
0	-16777216	-16777216
0	-16777216	-16777216
0	-16777216	-16777216
0	-16777216	-16777216
0	-16777216	-16777216
0	-16777216	-16777216
0	-16777216	-16777216
0	-16777216	-16777216
0	-16777216	-16777216
0	-16777216	-16777216
0	-16777216	-16777216
0	-16777216	-16777216
0	-16777216	-16777216
0	-16777216	-16777216
0	-16777216	-16777216
0	-16777216	-16777216
0	-16777216	-16777216
0	-16777216	-16777216
0	-16777216	-16777216
0	-16777216	-16777216
0	-16777216	-16777216
0	-16777216	-16777216
0	-16777216	-16777216
0	-16777216	-16777216
0	-16777216	-16777216
0	-16777216	-16777216
0	-16777216	-16777216
0	-16777216	-16777216
0	-16777216	-16777216
0	-16777216	-16777216
0	-16777216	-16777216
0	-16777216	-16777216
0	-16777216	-16777216
0	-16777216	-16777216
0	-16777216	-16777216
0	-16777216	-16777216
0	-16777216	-16777216
0	-16777216	-16777216
0	-16777216	-16777216
0	-16777216	-16777216
0	-16777216	-16777216
0	-16777216	-16777216
0	-16777216	-16777216
0	-16777216	-16777216
0	-16777216	-16777216
0	-16777216	-16777216
0	-16777216	-16777216
0	-16777216	-16777216
0	-16777216	-16777216
0	-16777216	-16777216
0	-16777216	-16777216
0	-16777216	-16777216
0	-16777216	-16777216
0	-16777216	-16777216
0	-16777216	-16777216
0	-16777216	-16777216
0	-16777216	-16777216
0	-16777216	-16777216
0	-16777216	-16777216
0	-16777216	-16777216
0	-16777216	-16777216
0	-16777216	-16777216
0	-16777216	-16777216
0	-16777216	-16777216
0	-16777216	-16777216
