10
10
0	-16777216	-16777216
0	-16777216	-16777216
0	-16777216	-16777216
0	-16777216	-16777216
0	-16777216	-16777216
0	-16777216	-16777216
0	-16777216	-16777216
0	-16777216	-16777216
0	-16777216	-16777216
0	-16777216	-16777216
0	-16777216	-16777216
0	-16777216	-16777216
0	-16777216	-16777216
0	-16777216	-16777216
0	-16777216	-16777216
0	-16777216	-16777216
0	-16777216	-16777216
0	-16777216	-16777216
0	-16777216	-16777216
0	-16777216	-16777216
0	-16777216	-16777216
0	-16777216	-16777216
11	-24648	-16777216
127	-8430499	-16777216
87	-5792680	-16777216
99	-6589881	-16777216
11	-988828	-16777216
0	-4144960	-16777216
0	-16777216	-16777216
0	-16777216	-16777216
0	-16777216	-16777216
0	-16777216	-16777216
11	-29017	-16777216
11	-25675	-16777216
11	-29018	-16777216
27	-1885389	-16777216
11	-991903	-16777216
37	-2436002	-16777216
0	-4144960	-16777216
0	-16777216	-16777216
0	-16777216	-16777216
11	-1146472	-16777216
11	-29786	-16777216
18	-1399106	-16777216
11	-26450	-16777216
75	-4960958	-16777216
18	-1187739	-16777216
11	-525960	-16777216
0	-4144960	-16777216
0	-16777216	-16777216
0	-16777216	-16777216
47	-3115133	-16777216
11	-1082221	-16777216
101	-7842444	-16777216
11	-951407	-16777216
23	-1734530	-16777216
33	-2175657	-16777216
27	-1777571	-16777216
0	-4144960	-16777216
0	-16777216	-16777216
0	-16777216	-16777216
0	-16777216	-16777216
67	-4429201	-16777216
57	-3775116	-16777216
67	-4432022	-16777216
11	-29793	-16777216
65	-4282814	-16777216
75	-4938688	-16777216
0	-4144960	-16777216
0	-16777216	-16777216
0	-16777216	-16777216
0	-16777216	-16777216
0	-16777216	-16777216
31	-2087631	-16777216
11	-47281	-16777216
62	-4083383	-16777216
101	-7304645	-16777216
0	-16777216	-16777216
0	-16777216	-16777216
0	-16777216	-16777216
0	-16777216	-16777216
0	-16777216	-16777216
0	-16777216	-16777216
0	-16777216	-16777216
0	-16777216	-16777216
0	-16777216	-16777216
0	-16777216	-16777216
0	-16777216	-16777216
0	-16777216	-16777216
0	-16777216	-16777216
0	-16777216	-16777216
0	-16777216	-16777216
0	-16777216	-16777216
0	-16777216	-16777216
0	-16777216	-16777216
0	-16777216	-16777216
0	-16777216	-16777216
0	-16777216	-16777216
0	-16777216	-16777216
0	-16777216	-16777216
